[2326 2246 2188 2342]
[1423  165   38  429]
[ 165 1423 2389   39]
[1663 2229 2142  311]
[1550  315 1551 1452]
[ 305 2181 1574 2278]
[1447 1278 2011 2318]
[2142 2229 1706  329]
[  13 1392 1063  140]
[1073   57  183 2385]
[ 295 1483 2112 1448]
[2265 1311 2362 1437]
[2154  332 2153 1755]
[1503 1688 1689  255]
[1989 1912 2177 1990]
[1552 1553 2037 1482]
[ 292 1646 1648 2267]
[1990 2177 1734 2251]
[1977  299 2167 2302]
[  28 1312 2388  155]
[  35  161 2443 1408]
[1661  286 2289 1660]
[1467  314 2252 1468]
[1319 1492  275 2161]
[1588 1068 2406 1466]
[1607  294 1545 2225]
[1244 1540 2440 1249]
[1469 2465  282  143]
[ 146  328 1446 1445]
[ 290 2292 1460 2010]
[1472 2260 1474 2261]
[2382  321 2272 1441]
[2163 1457 2399  308]
[2322 1447 2318  317]
[  15  141 1063 1474]
[ 310   32  158 1539]
[ 150   23  316 2258]
[2278 1574 1577 2339]
[2247  263 2408 1458]
[1960 1615 2336  803]
[1702  256 2268 1456]
[  87 2154  258  214]
[1696 2222  330 2149]
[ 279  154   27 1461]
[1530 1528 2282 1217]
[2265 1461 2125 1310]
[1462 1463 1586  262]
[2161  275 1611 2277]
[2367 1512 2345 1389]
[2317 2157 2234 2333]
[ 333 2371 1735 2316]
[ 341 2334  156   29]
[1931 1781 2281  926]
[1352 2325 1609 2286]
[1481 2164 1552 1482]
[1548 1550 1452 1453]
[2242 2294 1440 1490]
[1003 2286 1609 1525]
[ 428  418 2261 1473]
[1491 1537  348  396]
[1471 1470 2428 1655]
[2204 2366  288 2290]
[1307 2243  327 2248]
[ 295   69  195 1450]
[ 163   36 1497 1496]
[2423 1766  938 2254]
[2304 2085 2415 1509]
[2164 1481 2373  273]
[1475  936 2359 1465]
[1539  158   31 1420]
[ 297   93  219 1504]
[1709 1601 1416 1150]
[1479 2460 1434 1510]
[2124  296 2422 2183]
[1052 2358 1496 1497]
[ 239 1665 2248  113]
[2453 1478 2400  289]
[  88 2128 1991  215]
[1406 2221  396 2236]
[ 268 1571   52  178]
[1504  219   92 1427]
[1450  195   68 1426]
[ 313  153   26 1492]
[ 416 2342 2188 2189]
[ 146 1445  147   20]
[1479 1510 2415 1103]
[1506 1509 2415 1510]
[ 115 1550 1548  242]
[1448 1449 2426  295]
[1506 1510 1434 1505]
[1749 1777 1565 1751]
[1440  227  100 1490]
[2336 1617 2409 1742]
[1496  303   37  163]
[1688 1403 2380 1689]
[1701 1391 2396 1589]
[2311 1508 2425  966]
[2298 1570 2379 1368]
[1296 2213  326 2192]
[1455  134    7 1500]
[1518 1517  269 1519]
[1537 2104  344  346]
[1392   13  139 2195]
[2318 2011 2372 1420]
[1701 1589 2227 1343]
[ 269 1572 2463 1519]
[1779 1778 2383 1780]
[1434  203   76 1505]
[1661 2242 1490  286]
[1528 1529 2381 2282]
[1514  268 1513 2309]
[ 272 1455 2440 1540]
[ 264  205   78 1779]
[2215 1727 1726 2220]
[ 322 1513   51  177]
[1261 2226 1288 2230]
[2292 2247 1458 1460]
[ 295 1450 2438 1483]
[1546 1285 2393 2262]
[2323 1488 2340 1594]
[2202 1395 2329 1542]
[  54  180 1485 1926]
[ 199 1484 2353   73]
[2270 2386 1073 2385]
[ 423 2213 1296 1659]
[1709  804 2295 1601]
[1303 1946 1501 2018]
[ 206 1608  291   80]
[ 811 1575 1576  961]
[ 427   72  198 2331]
[1501  276 1495 2468]
[ 277 2442 2383 1778]
[2455 1294 2238 1544]
[ 127 1498  339  254]
[1443  249  122 1535]
[1426 1451 2438 1450]
[ 756 2211 1560 2264]
[2308 2153  332 2071]
[1659 1660 2289  423]
[2249 1330 2468 1495]
[ 260   46  172 1526]
[164 280 429  38]
[1075 1054 1062 1543]
[2112 1483 2438 1323]
[2164    5  131 1552]
[2341    1  254  339]
[  95 1522  340  222]
[  72  427 1484  199]
[1408 2348 2398  312]
[  22  148  334 1536]
[1526  172   45 1516]
[ 143   16  302 1469]
[1532 1062 1054 1037]
[ 396 2221 1494 1491]
[1315 1670 1244  426]
[1037 1036 1309 1532]
[2231 1564 2344 1388]
[344 345 347 346]
[ 375 1737 1353 1598]
[1353  413 1623 1581]
[1313 2038  664 2210]
[2401 1551 2351 1264]
[1053 1054 1075 1074]
[2279 1414 2225 1545]
[1312 2184 1538 2388]
[ 343  344 2104  394]
[1216 1579 1083 2053]
[ 394 1036 1037  395]
[1543 1706 2229 1436]
[ 413  419 1096 1623]
[1036 1038 1397 1309]
[ 226  286 1490  100]
[1608  206   79 1523]
[1054 1053  395 1037]
[ 194 1512 2367  270]
[ 202  287 1505   76]
[  59 1542  293  186]
[1083  967 1610 1567]
[ 372  375 1598 2108]
[1270 1273 2199 1269]
[ 345 1538 2184 1101]
[1537  346  347  348]
[2249   60  186  293]
[ 230 2175  333  104]
[341 342 344 343]
[1580 2133  777 2136]
[1567 1566 2053 1083]
[1387 2206  653 2201]
[ 193   66  262 1586]
[1601 1561 2458 1416]
[2140  383 2170 1625]
[1562  347  345 1101]
[1935 1621  581  578]
[ 394  395 1547  343]
[ 352 1562 1612  399]
[1527  320 1529 1528]
[ 281  171   44 1554]
[ 947  948 1019 1018]
[1584  385  351 1582]
[ 152  275 1492   26]
[1597 1596 1084 1247]
[ 578  576  586 1935]
[2320   96  222  340]
[1592 1649  583  595]
[ 356 1582  351  353]
[1582  356 2208 1583]
[ 811  813 1573 1575]
[1074 1075 1435 1390]
[ 344  342 1538  345]
[1602 1606  504 1845]
[1579 2131 2133 1580]
[1945 2135 1935  586]
[354 353 351 352]
[1585  354  352  399]
[948 947 813 814]
[ 264 1779 1780 1524]
[1398 1926 1485 2444]
[2244 2190 2356 1404]
[1585  357  355  354]
[1533 1534 1543 1062]
[ 277   77  203 1434]
[1667 1599 1668  921]
[ 825 1587 1711  823]
[ 303 1496 2358 1466]
[ 179   52 1571 1569]
[1963 1362 1590 1995]
[1148 1633 1013 2035]
[1798 1104 1882 1773]
[1773 1882 1110 1772]
[1772 1110 1886 1770]
[1840 1369 1362 1963]
[1771 1111 1887 1785]
[1770 1886 1111 1771]
[1543 1436 1435 1075]
[1785 1887 1113 1784]
[ 825 1321 1320 1587]
[ 827 1971 1369 1840]
[1587 1325 1712 1711]
[2007 1195 2070 2006]
[1578 1069  947 1018]
[350 348 347 349]
[ 648 1630  593  589]
[2325  291 1608 1609]
[ 217 1640 1639   91]
[ 269  101  227 1440]
[1643 1827  469 1642]
[1666  593 1630 1603]
[1360 1358 1602 1846]
[1784 1113 2012 1783]
[1453 1549  304 1548]
[1967 1590 1360 1846]
[ 921 1929 1365 1667]
[ 967  544  542 1610]
[2252    6  132  273]
[1667 1365  771 1671]
[1127 1644 1327 1747]
[ 593 1666  598  594]
[1577 1574 1573 1069]
[1226 1225 1224 1223]
[1226 1223 1221 1624]
[1967  514 1995 1590]
[1630  648 1900 1631]
[1374 1878  626 1690]
[1019 1021 1033 1020]
[1019 1020 1578 1018]
[352 351 350 349]
[ 108 1600 1557  235]
[1716 1945  586 1790]
[1585  386  359  357]
[1651 1712 1325 1983]
[1783 2012 1669 1921]
[1845  706 1846 1602]
[ 542 1972 1568 1610]
[ 969  919  921 1668]
[1930 1613 1767  663]
[1430 1617 1431 1428]
[1752 1787 1921 1669]
[1225 1226 1290 1289]
[  91 1639  274  218]
[2112 1061 1299 1448]
[1307 1664 1020 1033]
[1261 1462 1464 2226]
[1626 1767 1613 1328]
[1589 1516  281 2227]
[2248 1665 1664 1307]
[1739 1718 1932  993]
[ 29 300 342 341]
[1627 1683 1873 1144]
[ 600  598 1666 2065]
[1988 1989 1990  261]
[ 405 1654 1097  408]
[ 272 1541 2424 2068]
[357 359 360 358]
[1062 1532 2287 1533]
[1284 1204 1442 1441]
[354 355 356 353]
[ 802 1061 2112 2169]
[ 802 1060 1299 1061]
[1595 1204 1201 1198]
[2409 1617 1430 1618]
[1922  658  660 1619]
[1387 2168 1597 1247]
[1636 1439 1053 1074]
[1474 2260  142   15]
[1767 1626 1768  607]
[ 698 1643 1899 1828]
[1105 1797 1796 1828]
[ 451 1748 2036  469]
[1019  948 1588 1052]
[1628  361  360  359]
[1453 1452 1267 1269]
[1316 1211 1209 1210]
[1208 1207 1200 1205]
[1024 1677 1678 1641]
[2304 1509 1506 1508]
[1657 1296 1253 1027]
[ 622 2082 1672 2079]
[1021 1034 1262 1033]
[ 387 2042 1591 2026]
[   4  289 1552  131]
[1405 1317 1211 1316]
[ 365 1634  364  362]
[1267 1268 1270 1269]
[ 763  764  767 1637]
[2042  371 2108 1591]
[ 320   89  215 1991]
[ 581 1621 1620  595]
[ 538 1651  530  532]
[362 363 366 365]
[  25 1611  275  152]
[1531 1618 1639 1640]
[ 495  499  504 1794]
[2108  371  370  372]
[1634  365  387  388]
[1246 1023 1024 1641]
[1249  420  426 1244]
[ 494 2105 1184 1956]
[1619 1932 1718 1717]
[1635 1039  393  397]
[2088 1647  422 2058]
[1682 1331 1737 1676]
[361 362 364 360]
[393 389 398 397]
[1039 1467 1468 1058]
[1972  542  541  537]
[1326 1900  648 2078]
[ 302 1470 1471 1469]
[ 274 1639 1618 1430]
[1857 2110 1378 2115]
[1210 1209 1207 1208]
[ 361 1628 2005 2002]
[1095  419  412 1417]
[1606 1861 1794  504]
[2035  762  763 1148]
[ 382  400 1331 1682]
[1633 1148 1596 1597]
[1023  779 1025 1024]
[280 430 431 429]
[1298 1277 1279 1662]
[1527  216   89  320]
[1645 1417  412 1710]
[405 408 409 407]
[1683 1942 1141  717]
[ 285 1557 1561 1558]
[1793 1671  771 1672]
[1712 1651  538  815]
[1034 1021 1674 1419]
[1300 1686 1980  940]
[1023 1246 1247 1084]
[2325 1511 2421  291]
[ 779 1023 1084  778]
[ 795  946 1658 1657]
[ 703 1752 1599 1086]
[ 684  686  993 1932]
[1117 1934 1631 1900]
[1216 2053 2047 1215]
[1842 1100 1627 1861]
[1389 1077 1026 1076]
[1669 1668 1599 1752]
[ 405  403  417 1654]
[ 170  331 1554   44]
[1775 1529  320 1991]
[1637 1596 1148  763]
[1218 1310 2125 1162]
[1293 1632  392  424]
[371 368 369 370]
[1185 1186 1189 1947]
[1078 1077 1675 1079]
[1569  283   53  179]
[1932 1619  660  684]
[1206 1196 1194 1193]
[1652 1028 1367 1368]
[1025 1026 1677 1024]
[1691 1969 1487 2028]
[1709  752  754  804]
[660 672 685 684]
[ 390 2040 1158 1653]
[2088 2058  415 1282]
[1270 1272 1274 1273]
[1647 1645 1710  422]
[1298 1275 1276 1277]
[817 818 821 819]
[1187 1481 1482 1202]
[541 542 544 543]
[1410 1697  937 1714]
[1768 1694 2046  697]
[419 413 411 412]
[1078 1079 1099 1098]
[2221 1406 1405 1407]
[397 398 426 420]
[ 567  565  606 1758]
[1692 1916 1744 1128]
[1364 1909  526  907]
[ 612  608  607 1768]
[ 759 1898 1480 1102]
[ 124 1545  294  251]
[1676  374  376  377]
[1066  794  541 1650]
[ 826  824  887 1698]
[ 929  930 1944 1937]
[1793 1672 2082 1146]
[1596 1637  778 1084]
[ 940 1980 1128  885]
[1480 1479 1103 1102]
[ 818 1070 1071  821]
[684 685 687 686]
[1391 1701 1741  997]
[ 379 1682 1676  377]
[823 822 887 824]
[1763 1167 1166 1164]
[1682  379  381  382]
[1803 1057 1459 1687]
[767 769 801 770]
[823 824 826 825]
[373 374 375 372]
[1056 1057 1803  944]
[1351 1679  606 1955]
[1661 1660 1659 1658]
[ 171  281 1516   45]
[1730 1134 1917 1728]
[ 625 1874 1705  628]
[1697 1695 1719  937]
[815 538 539 545]
[ 819  821 1691  822]
[1700 1903  875 1850]
[1942 1673 1998 1141]
[782 745 688 744]
[ 409  408 1097  414]
[775 742 946 795]
[1889 1875 1874  624]
[ 551  553 1728 1704]
[431 432 434 433]
[1758 1964  569  567]
[825 826 828 827]
[1161 1162 1656 1156]
[2175  230  103  261]
[1711  819  822  823]
[1762 1907 1681 1763]
[1098 1099 1259 1258]
[1134 1730 1962 1927]
[543 544 932 743]
[1609 1608 1523 1525]
[ 736  738  937 1719]
[1052 1674 1021 1019]
[ 898 1142 1757 1745]
[687 688 993 686]
[1595 1198 1197 1196]
[ 836 1744 1916  839]
[ 570  571 1786  568]
[1696 1444 1136 1695]
[1154 1153  369  410]
[2006 2070 1200 1207]
[1818 1918  596 1957]
[1757 1679 1115 1745]
[1808 1703  850 1870]
[1012  932  544  967]
[ 933 1032 1302  941]
[ 745 1738  993  688]
[ 748  749  752 1709]
[537 541 794 540]
[950 808 783 807]
[368 366 363 367]
[ 967 1083 1579 1012]
[932 933 941 743]
[1292 1046 1043 1756]
[ 997 1741  903  906]
[ 846 1838 1802  844]
[830 828 826 829]
[1296 1657 1658 1659]
[1985 1764  773  929]
[691 692 738 736]
[1444 1137  960 1136]
[558 559 561 560]
[1314 1776  809  934]
[1748  450 1746 1747]
[ 965 1714  740  746]
[952 951 808 950]
[ 646  652  666 1759]
[1747 1746  546 1127]
[1230 1968  879 1852]
[ 738  740 1714  937]
[1339 1761  852 1807]
[1709 1150  965  748]
[ 965 1150 1416 1409]
[ 924  900 1745 1115]
[1261 1260 1463 1462]
[828 830 832 831]
[1391  997  996 1301]
[1132 1981 1370 1950]
[1876  869  854 1761]
[ 555  689 1948 1713]
[1149 1115 1679 1351]
[1679 1757 1758  606]
[1748  451  449  450]
[ 888 1016 1243 1017]
[1702 1456 1306 1281]
[433 434 436 435]
[451 453 454 452]
[448 447 450 449]
[ 371 2042  366  368]
[902 847 845 868]
[1339 1807  847  902]
[ 673  649  602 1708]
[1364  907 1320 1321]
[1714  965 1409 1410]
[868 903 904 902]
[1840 1321  825  827]
[722 894 934 809]
[1795 1736  722  700]
[1741 1701 1343 1341]
[1911 1729  553 1732]
[ 666 1740 1760 1759]
[ 689  554 1704  690]
[ 822 1691 2028  887]
[1005 1822  983  985]
[1685  173   46  260]
[ 454  453 1827  455]
[1643  698  455 1827]
[1830 1802 1838 1350]
[ 518  546 1746  446]
[782 783 922 745]
[557 558 693 556]
[1702 1281  810 1776]
[953 956 957 955]
[1193 2073 2037 1206]
[ 450  447  446 1746]
[1792 1866  710 1791]
[ 903 1741 1341  904]
[ 785  806 1003  805]
[560 561 563 562]
[1754  958  956 1248]
[ 935 1080 1314  934]
[1754 1042  959  958]
[1012 1707  933  932]
[ 550  552  556 1765]
[1768  697  614  612]
[845 844 842 843]
[1802 1830  872  849]
[1837 1129  806  785]
[ 725  726 1740  668]
[ 896  677  673 1804]
[1867 1705 1129 1837]
[ 789 1719 1695 1136]
[1732  549  548  547]
[1764  726  772  773]
[1248  956  953 1774]
[1769 1770 1771  483]
[2065  663  604  600]
[1730 1728  553 1729]
[ 898  896 1804 1142]
[1164  883 1762 1763]
[843 842 841 840]
[ 607  604  663 1767]
[ 526  529 1320  907]
[1753 1081 1373 1388]
[1563  210   83  324]
[847 846 844 845]
[1743  895  547  518]
[965 746 747 748]
[1004 1839 1180 1809]
[1342 1340  904 1341]
[1785 1826  483 1771]
[ 694  463  461 1813]
[1818 1140  975 1814]
[582 581 595 583]
[1719  789  737  736]
[956 958 959 957]
[1043 1042 1755 1756]
[833 834 835 832]
[1753 1080  935 1081]
[1769  465  463  694]
[574 576 577 575]
[ 836  834  870 1744]
[1769  483  470  467]
[447 445 444 446]
[576 578 579 577]
[1893 1798  476 1797]
[ 885 1128 1744  870]
[ 211 1777 1749   85]
[1377  928  927 1800]
[ 722 1736 1862  894]
[578 581 582 579]
[1770 1769  694 1772]
[1773 1813  476 1798]
[1752  703  699 1787]
[1782  497  479  477]
[1704  554  552  551]
[1797  476  459 1796]
[1861 1606 1357 1842]
[ 787  897 1908 1030]
[1826  696  474  472]
[1824 1825 1006 1172]
[1707 1012 1579 1580]
[1667 1135 1086 1599]
[1795  700  620  618]
[1761  854  853  852]
[997 906 995 996]
[  85 1749  284  212]
[ 744  938 1766  782]
[ 477  474  696 1782]
[ 862 1700 1125 1810]
[1769  467  466  465]
[562 563 565 564]
[1783 1782  696 1784]
[1751 1750  284 1749]
[558 557 654 559]
[772 927 928 773]
[ 934  894 1862  935]
[ 699  481  479 1787]
[ 551  549 1732  553]
[1115 1149 1699  924]
[930 929 773 928]
[ 359  386 2119 1628]
[834 836 837 835]
[587 589 590 588]
[1793 1146 1091 1089]
[673 656 650 649]
[1870 1810 1123 1808]
[1807  852  851  848]
[1048 1047 1045 1046]
[589 593 594 590]
[ 555 1713  654  557]
[ 479  497 1921 1787]
[1378  930  928 1377]
[2210 1678 1677 1313]
[839 840 841 838]
[1800  927  931 1147]
[869 856 855 854]
[876 877 891 890]
[703 702 484 699]
[1619 1717  923 1922]
[441 439 438 440]
[ 459  476 1813  461]
[ 846  847 1807  848]
[1815 1814  977  992]
[2265 1310 1218 1311]
[ 458  457 1796  459]
[1086  704  702  703]
[461 460 458 459]
[ 446  444 1743  518]
[ 451  469 1827  453]
[ 472  470  483 1826]
[ 726 1764 1760 1740]
[740 738 692 739]
[839 838 837 836]
[ 877 1000 1001  891]
[1811  502  464  466]
[ 228 1517  323  102]
[ 871 1847  838  841]
[1776  810  723  809]
[1135 1087  704 1086]
[1812  973  975 1140]
[1948 1848  654 1713]
[809 723 721 722]
[1899 1643 1642 1106]
[656 673 677 676]
[445 443 442 444]
[1120 1119 1703 1808]
[ 883  858  856 1762]
[1000 1119 1120 1001]
[ 490 2103 1381 1923]
[ 918  920  971 1853]
[456 455 698 457]
[598 600 601 599]
[ 784  714 1837  785]
[ 911  914 1138 1791]
[1829  707  468  471]
[ 890 1139 1865 1844]
[ 943 1286 1287  942]
[1811  466  467  468]
[463 465 466 464]
[ 655  564  566 1788]
[1907 1762  856  869]
[594 598 599 597]
[ 849  842  844 1802]
[467 470 471 468]
[1826 1785 1784  696]
[ 810 1281 1306  999]
[906 903 868 905]
[1867 1837  714  712]
[1828 1796  457  698]
[1703 1119 1000 1350]
[ 770  778 1637  767]
[ 783  782 1766  807]
[ 498 1829  471  473]
[600 604 605 601]
[ 876  872 1830  877]
[470 472 473 471]
[1172 1006 1007 1170]
[1152 1173 1880 1108]
[1809 1371 1139 1004]
[ 473  475 1851  498]
[ 667 1832  695  670]
[1032  933 1707 1372]
[461 463 464 462]
[ 902  904 1340 1339]
[ 388  387 2026  389]
[952 953 954 951]
[1002 1820 1816 1819]
[ 940  963 1913 1300]
[1144 1794 1861 1627]
[1380 1009 1008 1114]
[ 968  886 1844  994]
[1813 1773 1772  694]
[1845  504  499  501]
[1825  989  990 1006]
[1808 1123 1122 1120]
[1819 1816 1815  992]
[1009  914  913 1008]
[472 474 475 473]
[943 942 777 776]
[ 568 1786 1788  566]
[722 721 620 700]
[1350 1000  877 1830]
[1089 1087 1135 1793]
[ 839 1841  843  840]
[ 547  895 1911 1732]
[572 573 908 571]
[604 607 608 605]
[1046 1045 1044 1043]
[872 876 886 873]
[ 891 1004 1139  890]
[ 973 1812 1853  971]
[1865 1139 1371 1673]
[ 640  643  647 1843]
[699 484 482 481]
[849 872 873 871]
[518 547 548 546]
[1810 1125 1124 1123]
[ 977  979 1819  992]
[ 994 1332 1627 1100]
[1945 1716 1717 1718]
[2128   88  214  258]
[1120 1122 1179 1121]
[474 477 478 475]
[1004  891 1001 1839]
[2030 1127  546  548]
[1789  776  682  681]
[746 740 739 741]
[ 953  955 1117  954]
[1777  211   84  257]
[ 683 1885  669  671]
[842 849 871 841]
[1855  486  717 1141]
[513 512 516 515]
[ 850 1703 1350 1838]
[1413 1287 1286 1412]
[1125 1700 1850 1130]
[1794 1144  492  495]
[1740  666  667  668]
[ 210 1563  257   84]
[ 890 1844  886  876]
[1179 1180 1839 1121]
[1736 1795  614  697]
[1606 1602 1358 1357]
[ 501  505  706 1845]
[608 612 613 611]
[511 508 506 510]
[ 888 1693  882  880]
[ 478  480 1855  716]
[1120 1121 1839 1001]
[612 614 615 613]
[1816 1817 1918 1815]
[ 618  615  614 1795]
[534 537 540 536]
[ 816  817 1712  815]
[706 505 506 508]
[479 481 482 480]
[391 392 400 382]
[1373 1081  935 1116]
[477 479 480 478]
[1667 1671 1793 1135]
[486 482 484 485]
[1791  710  910  911]
[1838  846  848  850]
[1831  488  487  485]
[ 576  574 1790  586]
[858 857 855 856]
[914 911 912 913]
[485 487 717 486]
[900 924 925 901]
[2078 1649 1592 1326]
[1814  975  976  977]
[1094 1093 1092 1051]
[1002 1819  979  981]
[1042 1043 1044  959]
[1332  994 1844 1865]
[ 716 1851  475  478]
[1728 1917  690 1704]
[ 517  515 1869  521]
[ 702 1831  485  484]
[ 994 1100 1842  968]
[1130 1126 1124 1125]
[1900 1326 1118 1117]
[ 987 1825 1824 1005]
[834 833 884 870]
[ 848  851 1870  850]
[920 970 972 971]
[1126 1182 1864 1124]
[ 451  452 1833  449]
[ 670  695 1789  681]
[1768 1626 1329 1694]
[ 486 1855  480  482]
[634 636 910 710]
[1981 1132 1130 1850]
[1028 1652  728  731]
[968 909 873 886]
[ 496  701 1859  500]
[885 893 963 940]
[1123 1124 1864 1122]
[1087 1089 1090 1088]
[1841 1915  845  843]
[971 972 974 973]
[1810 1870  851  862]
[506 505 501 503]
[503 501 499 500]
[1002  981  982  983]
[512 513 514 511]
[636 634 633 635]
[1792  630  631 1866]
[1146 1374 1379 1091]
[500 499 495 496]
[ 918 1366 1883  916]
[ 507  503  500 1859]
[1357  909  968 1842]
[ 701  496  493 1856]
[852 853 862 851]
[1627 1332 1942 1683]
[784 715 713 714]
[1760 1904  646 1759]
[ 441  440 1805  442]
[632 631 630 629]
[634 631 632 633]
[ 573  572 1790  574]
[ 491  494 1856  493]
[973 974 976 975]
[630 627 628 629]
[ 668  669 1885  725]
[714 713 709 712]
[ 832  835  874 1834]
[640 637 638 639]
[643 640 639 641]
[977 978 980 979]
[1357 1358 1359 1356]
[979 980 982 981]
[2154   87  213  332]
[496 495 492 493]
[1357 1356 1355  909]
[611 610 605 608]
[489 491 493 492]
[ 489  488 1905  490]
[ 710 1866  631  634]
[1005 1823 1821 1822]
[1347  915 1145 1346]
[628 627 626 625]
[ 574  575 1854  573]
[ 912  915 1868  913]
[ 397  420 1249 1635]
[970 920 919 969]
[1132 1131 1126 1130]
[ 502 1836  462  464]
[1805 1743  444  442]
[1705 1867  629  628]
[1093 1329 1626 1328]
[712 709 633 632]
[1129 1705 1874 1363]
[1358 1360 1361 1359]
[ 592  577  579 1858]
[1005  985  986  987]
[985 983 982 984]
[870 884 893 885]
[ 583  584 1863  582]
[ 435 1910 1031  433]
[ 913 1868 1184 1008]
[ 983 1822 1821 1002]
[461 462 720 460]
[916 610 611 711]
[676 677 787 786]
[1016  888  881  889]
[1818 1894 1812 1140]
[ 585  591 1863  584]
[1825  987  988  989]
[417 403 402 401]
[1604 1603 1324 1835]
[1777  257 1564 1565]
[1093 1328 1613 1092]
[1847  871  873 1897]
[ 726  725 1884  772]
[1147  931 1214 1213]
[618 617 616 615]
[ 488  489 1873  487]
[1045 1835 1324 1044]
[ 712  632  629 1867]
[ 577  592 1854  575]
[1831  702  704 1891]
[1683  717  487 1873]
[ 832  830 1849  833]
[920 918 917 919]
[1946 1303 1302 1422]
[1874  625  623  624]
[1670 1315 1581 1623]
[2082  622  623 1878]
[ 582  705 1858  579]
[1517  228  101  269]
[918 916 711 917]
[1342 1344 1876 1340]
[1631 1324 1603 1630]
[1355 1924 1847 1897]
[1761 1339 1340 1876]
[ 984  982 1882 1104]
[1747 1327 2036 1748]
[1048 1049 1881 1047]
[1105  988  987  986]
[1131 1133 1227 1183]
[1843 1879  637  640]
[ 835  837 1924  874]
[ 635  637 1879  636]
[ 826 1698 1978  829]
[1365  616  617  771]
[1006  990 1880 1007]
[1045 1047 1881 1835]
[ 515  517 1860  513]
[1087 1088 1891  704]
[683 671 681 682]
[681 671 669 670]
[ 635  633  709 1871]
[ 927  772 1884  931]
[1259 1099 1720 1260]
[ 625  626 1878  623]
[ 980  978 1886 1110]
[ 637  635 1871  638]
[670 669 668 667]
[1106  991  990  989]
[1144 1873  489  492]
[ 974 1111 1886  976]
[1111  974  972 1887]
[1642 1107  991 1106]
[1109 1327 1644 1181]
[1110 1882  982  980]
[ 970 1113 1887  972]
[557 556 552 555]
[ 977  976 1886  978]
[ 863  879 1968 1370]
[1051 1092 1881 1049]
[1798 1893  984 1104]
[1632  401  400  392]
[ 643  644 1904  647]
[ 613 1892  711  611]
[645 651 652 646]
[ 873  909 1355 1897]
[618 620 621 619]
[ 991 1107 1109 1108]
[ 645  646 1904  644]
[1905 1891 1088 1354]
[1797 1105  986 1893]
[1737  375  374 1676]
[1349 1841  839 1916]
[652 665 667 666]
[549 551 552 550]
[ 605  610  916 1883]
[ 615  616 1892  613]
[1182 1126 1131 1888]
[ 692 1917 1134  739]
[1590 1362 1361 1360]
[1891 1905  488 1831]
[1668 1669 2012  969]
[ 905  868  845 1915]
[ 216 1527  266   90]
[624 623 622 621]
[ 688  687 1742  744]
[ 990  991 1108 1880]
[1700  862  853 1903]
[1640  217   90  266]
[1828 1899  988 1105]
[436 437 708 435]
[ 438  439 1895  437]
[457 458 509 456]
[1782 1783 1921  497]
[1600  108  234  271]
[1503 1168 1166 1688]
[1108 1109 1181 1152]
[ 691  690 1917  692]
[999 998 723 810]
[752 749 750 751]
[689 555 552 554]
[ 985  984 1893  986]
[ 521  522 1909  517]
[ 959 1044 1324 1896]
[ 440  520 1806 1805]
[ 915  912 1925 1145]
[564 565 567 566]
[1814 1815 1918 1818]
[1586  325   67  193]
[1326 1592 1593 1118]
[ 854  855 1903  853]
[897 787 677 896]
[1841 1349  905 1915]
[1894 1951 1853 1812]
[ 285  109  235 1557]
[ 455  456 1901  454]
[ 571  570 1715  572]
[1916 1692  995 1349]
[1167 1403 1688 1166]
[651 664 665 652]
[ 919  917 1929  921]
[ 636 1879 1925  910]
[1170 1007 1919 1171]
[1092 1613 1930 1881]
[1106  989  988 1899]
[ 624  621  620 1889]
[748 747 750 749]
[ 869 1876 1344 1907]
[1745  900  899  898]
[ 906  905 1349  995]
[ 959 1896 1934  957]
[ 595 1620 1593 1592]
[1715  923 1717 1716]
[1173 1919 1007 1880]
[ 861  863 1906  859]
[ 489  490 1923  491]
[ 605 1883 1928  601]
[1638  236  109  285]
[879 863 861 864]
[ 616 1365 1929 1892]
[1665  239  112  307]
[1528 1530  266 1527]
[ 911  910 1925  912]
[ 194   67  325 1512]
[ 838 1847 1924  837]
[ 609  599  601 1928]
[ 458  460  720 1890]
[ 521  727 1082  524]
[1324 1631 1934 1896]
[649 603 580 602]
[1881 1930 1604 1835]
[ 580  603 1922  923]
[1136  960  790  789]
[1355 1356 1359 1933]
[1117 1118 1902  954]
[ 857  875 1903  855]
[ 583 1649 2078  584]
[1243 1016 1803 1250]
[ 808  951  954 1902]
[1345 1681 1907 1344]
[ 541  543 1938 1650]
[1892 1929  917  711]
[1879 1843 1940 1925]
[ 178   51 1513  268]
[1964 1758 1757 1973]
[1117  955  957 1934]
[ 452  454 1901  718]
[1335  963  893  964]
[1301  996 1936 1333]
[1364 1860  517 1909]
[ 874 1924 1355 1933]
[2148  322  177   50]
[1673 1942 1332 1865]
[566 567 569 568]
[1925 1940 1348 1145]
[1852 1232 1231 1230]
[1227 1133 1950 1228]
[ 923 1715  570  580]
[ 785  805 1151  784]
[1894  609 1928 1951]
[ 746  741 1927  747]
[1145 1348 1937 1346]
[1914 1913  963 1335]
[ 859 1906  875  857]
[1941 1902 1118 1593]
[1716 1790  572 1715]
[1229 1228 1968 1230]
[1675 1720 1099 1079]
[ 690  691 1948  689]
[1016  889  944 1803]
[1336  964 1943 1337]
[ 599  609 1957  597]
[896 898 899 897]
[1902 1941  783  808]
[1964  602  580  569]
[ 491 1923 2105  494]
[ 565  563 1955  606]
[ 736  737 1948  691]
[1273 1274 1276 1275]
[1673 1371 2032 1998]
[1846  706  508 1967]
[ 739 1134 1927  741]
[1818 1957  609 1894]
[1137 1733 1160  960]
[1334 1333 1686 1684]
[568 569 580 570]
[1962  750  747 1927]
[1933 1949 1834  874]
[1965 1875 1889 1961]
[ 673 1708 1973 1804]
[ 441  519 1895  439]
[1347 1346 1937 1944]
[1072  899  900  901]
[ 727 1566 1567 1082]
[1843  647 1952 1940]
[ 413 1353 2008  411]
[ 996  995 1692 1936]
[377 378 380 379]
[1883 1366 1951 1928]
[2059 1383  729  724]
[1164 1166 1168 1165]
[ 543  743  941 1938]
[ 931 1884 1939 1214]
[ 858  883 1163  860]
[857 858 860 859]
[ 918 1853 1951 1366]
[ 620  721 1961 1889]
[1215 1214 1939 1216]
[ 725 1885 1939 1884]
[1933 1359 1361 1949]
[ 594  596 1975  590]
[1331  402  404 2008]
[1072 1908  897  899]
[1779   78  204 1778]
[1131 1132 1950 1133]
[ 926  733  715 1931]
[ 778  770 1984  779]
[1848 1948  737 1143]
[ 649  650 1922  603]
[ 833 1849 1943  884]
[1624 1291 1290 1226]
[1760 1952  647 1904]
[1743 1805 1806  895]
[1817 1975  596 1918]
[ 884 1943  964  893]
[ 789  790 1143  737]
[1857 1856  494 1956]
[ 832 1834 1958  831]
[  77  277 1778  204]
[1834 1949 1361 1958]
[ 821 1071 1969 1691]
[ 594  597 1957  596]
[1002 1821 1996 1820]
[888 880 867 881]
[1640  266 1530 1531]
[1587 1320  529 1325]
[ 713 1966 1871  709]
[1993  591  585 1987]
[ 715  784 1151 1931]
[1840 1963 1364 1321]
[882 866 867 880]
[ 998 1961  721  723]
[1909  522  525  526]
[1973 1708  602 1964]
[1362 1369 1958 1361]
[1648 1646 1645 1647]
[ 883 1164 1165 1163]
[ 563  561 1970 1955]
[1874 1875 1965 1363]
[ 654 1970  561  559]
[1525 1523  264 1524]
[ 514 1967  508  511]
[1517 1518 1520  323]
[1729 1911 1953 1731]
[ 831 1958 1369 1971]
[1501 1066 1650 2018]
[ 827  828  831 1971]
[ 105 1920  267  232]
[1129 1363 1974  806]
[1370 1968 1228 1950]
[1757 1142 1804 1973]
[1974 1363 1965 1976]
[ 384 2076 1653 2091]
[ 205  264 1523   79]
[1961  998 1976 1965]
[1956 2107 2110 1857]
[1823 2009 1996 1821]
[1156 1155 1153 1154]
[1337 1943 1849 1978]
[1955 1970 2013 1351]
[ 830  829 1978 1849]
[1331  400  401  402]
[ 998  999 1352 1976]
[1077 1078 1677 1026]
[1994 1149 1351 2013]
[1940 1952 1985 1348]
[1005 1824 2017 1823]
[1302 1303 1938  941]
[ 863 1370 1981 1906]
[1764 1985 1952 1760]
[1127 2030 2072 1644]
[1975 1817 1993 1987]
[ 791 1035 1367 1028]
[1852  879  864 2003]
[ 715  719 1966  713]
[1098 1313 1677 1078]
[ 590 1975 1987  588]
[1610 1568 1082 1567]
[1963 1995 1860 1364]
[368 367 410 369]
[ 866  882 2027 2003]
[1911  895 1806 1953]
[1128 1980 1936 1692]
[ 434 1721 1799  436]
[2020 1297 1276 1274]
[1850  875 1906 1981]
[1333 1936 1980 1686]
[ 892 1169 1295 1055]
[ 261  103  229 1988]
[1989 1988  323 1520]
[1030 1877  786  787]
[ 929 1937 1348 1985]
[ 587  588 1987  585]
[1922  650  657  658]
[ 440  438 1799  520]
[ 819 1711 1712  817]
[944 889 881 892]
[1170 2033 2021 1172]
[1729 1731 1962 1730]
[1172 2021 2017 1824]
[ 102  323 1988  229]
[383 381 379 380]
[1736  697 2046 1862]
[ 437  436 1799  438]
[1820 1993 1817 1816]
[1698  887 2028 2014]
[ 511  510 2029  512]
[2013 1848 1143 1994]
[1353 1737 1331 2008]
[878 867 866 865]
[1165 1168 1386 1376]
[ 513 1860 1995  514]
[ 352  349  347 1562]
[1926  301  181   54]
[ 638 1871 1966 1872]
[1171 2043 2033 1170]
[2051 1788 1786 2048]
[1141 1998  716 1855]
[1026 1025 1112 1076]
[ 859  860 1979  861]
[2146 1585  399 2064]
[1698 2014 1337 1978]
[ 770  801 2000 1984]
[ 813  947 1069 1573]
[1327 1109 1107 2036]
[ 549  550 2030  548]
[1371 1809 2056 2032]
[521 524 525 522]
[ 790 1997 1994 1143]
[ 372  370 2031  373]
[ 960 1160 1997  790]
[1992 2050  531  528]
[1160 2004 1699 1997]
[ 924 1699 2004  925]
[ 926 1898  734  733]
[2044 1233 1232 2027]
[ 411  406 1710  412]
[ 865  866 2003  864]
[1733 1734 2004 1160]
[1820 1996  591 1993]
[ 591 1996 2009 1863]
[ 881  867  878 1982]
[1156 1154 2005 1161]
[ 582 1863 2009  705]
[ 864  861 1979  865]
[1149 1994 1997 1699]
[405 404 402 403]
[1010 2114 1383 2080]
[1189 1191 1251 1947]
[1056  944  892 1055]
[1169  892  881 1982]
[815 545 820 816]
[1283 1015  786 1877]
[1823 2017  705 2009]
[ 969 2012 1113  970]
[715 733 734 719]
[1970  654 1848 2013]
[1152 1375 2060 1173]
[407 406 404 405]
[1336 1337 2014 1338]
[ 304  116  242 1548]
[1028  731  732  791]
[1656 1157 1155 1156]
[ 527 1983 1325  529]
[1377 2118 2115 1378]
[  65  191  299 1977]
[ 533  531 2050  534]
[1174 1158 1157 1159]
[529 526 525 527]
[ 524 1082 1568 1992]
[2023  560  562 2063]
[2027  882 1693 2044]
[ 817  816 2015  818]
[1154  410 2002 2005]
[ 639  638 1872 1959]
[ 272    8  134 1455]
[ 705 2017 2021 1858]
[ 663 2065 1604 1930]
[ 114 1986  315  241]
[ 365  366 2042  387]
[ 693  558  560 2023]
[2008  404  406  411]
[764 766 769 767]
[ 362  361 2002  363]
[525 528 530 527]
[ 759  758  734 1898]
[762 765 764 763]
[ 888 1017 2041 1693]
[2040  390  373 2031]
[2003 2027 1232 1852]
[2014 2028 1487 1338]
[1809 1180 2067 2056]
[1858 2021 2033  592]
[ 507 2120 1801 2121]
[2072 2030  550 1765]
[1788 2051 2060  655]
[1680  742  730  679]
[ 212  284 2071   86]
[1176 1174 1159 1175]
[1241 2041 1017 2045]
[1998 2032 1851  716]
[814 813 811 812]
[2393 1305 2407 1499]
[ 585  584 2078  587]
[1153 2031  370  369]
[528 531 532 530]
[ 398 1085 1315  426]
[ 860 1163 2034 1979]
[1313 1098 1258 2038]
[1303 2018 1650 1938]
[1353 1581 1318 1598]
[ 469 2036 1107 1642]
[ 556  693 2072 1765]
[1801 1147 1213 2122]
[ 687  685 1960  803]
[ 240  327 1986  114]
[1212 2006 1207 1209]
[1157 1158 2040 1155]
[1672  771  617 2079]
[ 621  622 2079  619]
[2031 1153 1155 2040]
[ 993 1738 2093 1739]
[ 592 2033 2043 1854]
[1240 1239 2041 1241]
[ 573 1854 2043  908]
[1190 1193 1194 1192]
[532 535 539 538]
[1792 2095 1690 2087]
[1605 2091 1174 1176]
[1015 1014  676  786]
[1214 1215 2123 1213]
[2063 1375 2052 2023]
[ 865 1979 2034  878]
[1238 1233 2044 1239]
[ 524 1992  528  525]
[1376 2034 1163 1165]
[392 391 425 424]
[1192 1191 1189 1190]
[ 753  751 2019  774]
[1085 1318 1581 1315]
[1657 1027  939  795]
[1651 1983  527  530]
[1534 1533  309 2259]
[1878 1374 1146 2082]
[ 719 1999 1872 1966]
[1270 1271 1421 1272]
[ 935 1862 2046 1116]
[1690  626  627 2087]
[ 571  908 2048 1786]
[1992 1568 1972 2050]
[ 521 1869 2047  727]
[1171 2048  908 2043]
[ 442  443 2049  441]
[1239 2044 1693 2041]
[ 930 1378 2110 1944]
[   8  272 2068  135]
[ 641  639 1959  642]
[1621 1622 2083 1620]
[ 783 1941 2083  922]
[1273 1275 1298 2199]
[ 922 2083 1622 2093]
[ 794 1066 1067 1011]
[1558 1559 1638  285]
[ 734  758 2035 1013]
[1625 1624 1221 2140]
[ 914 1009 2097 1138]
[2054 2055 1694 1329]
[374 373 390 376]
[1731 1954 2019 1962]
[2023 2052 2072  693]
[2048 1171 1919 2051]
[ 751  750 1962 2019]
[1318 1085 2026 1591]
[1375 1152 1181 2052]
[1138 2097 1379 2095]
[751 753 754 752]
[1116 2046 1694 2055]
[1013 1999  719  734]
[1723 1725 2081 2069]
[ 410  367  363 2002]
[1329 1093 1094 2054]
[1178 1176 1175 1177]
[2054 1373 1116 2055]
[1180 1179 2084 2067]
[ 643  641 2062  644]
[2032 2056  498 1851]
[ 727 2047 2053 1566]
[1725 2126 1954 2081]
[1731 1953 2081 1954]
[1114 2105 1923 1381]
[2222 1521 2307  330]
[ 389 2026 1085  398]
[1034 1263 1264 1262]
[ 180   53  283 1485]
[ 779 1984 1112 1025]
[ 759 1102 1103  760]
[1375 2063  655 2060]
[ 236 1638 2096  110]
[1550  115  241  315]
[ 793 2025 2114 1382]
[1868 2107 1956 1184]
[1195 2022 1191 1192]
[ 537  534 2050 1972]
[680 679 678 675]
[2051 1919 1173 2060]
[1431 1614 1616 1432]
[ 564  655 2063  562]
[658 659 661 660]
[ 406  407  422 1710]
[1394 1029  800  962]
[962 800 792 793]
[2299    9  135 2068]
[1122 1864 2084 1179]
[1274 1272 1421 2020]
[1505  287 1507 1506]
[742 775 949 730]
[1428 1431 1432 1429]
[1603 1604 2065 1666]
[ 441 2049 2176  519]
[ 143  282 1411   17]
[1221 1223 1224 1222]
[1799 2069 1806  520]
[531 533 535 532]
[728 539 535 724]
[1718 1739 2135 1945]
[1856 1857 2115  701]
[1570 1569 1571 2086]
[731 728 724 729]
[2056 2067 1829  498]
[2034 2061 1982  878]
[1652 2016  539  728]
[ 503  507 2121  506]
[ 407  409 2058  422]
[ 792  732 2025  793]
[2122 2029 2121 1801]
[758 759 760 761]
[  86 2071  332  213]
[ 660  661 2024  672]
[2052 1181 1644 2072]
[2285  298 2427 1684]
[ 762 2035  758  761]
[1235 1234 1014 1015]
[ 589  587 2078  648]
[1724 1723 1721 1722]
[ 818 2015 1515 1070]
[ 414  415 2058  409]
[ 539 2016  820  545]
[ 540  794 1011 1010]
[ 618  619 2079  617]
[ 650  656 2057  657]
[1192 1194 2070 1195]
[1633 2094 1999 1013]
[1193 1190 1188 2073]
[ 656  676 1014 2057]
[ 380  378 2076  384]
[ 731  729 2025  732]
[ 534  536 2059  533]
[1039 1040 2090  393]
[2067 2084  707 1829]
[1430 1428 1427  274]
[1864 1182 2113 2102]
[1205 1200 1199 1203]
[ 389  393 2090  388]
[1620 2083 1941 1593]
[ 377  376 2076  378]
[ 187 1495  276   61]
[1792 2087  627  630]
[1190 1189 1186 1188]
[ 434  523 1722 1721]
[1482 2037 2073 1202]
[1323  801  769 1322]
[1199 1200 2070 1197]
[1653 2076  376  390]
[ 776  777 2133  682]
[1864 2102  707 2084]
[1791 1138 2095 1792]
[ 745  922 2093 1738]
[1039 1058 1059 1040]
[ 448 2166 1384 2171]
[2187 1895  519 2185]
[1057 1056 1460 1458]
[1953 1806 2069 2081]
[ 685  672 2024 1960]
[1091 1379 2097 2100]
[1869 2123 1215 2047]
[1579 1216 1939 2131]
[1158 1174 2091 1653]
[1374 1690 2095 1379]
[735 674 675 678]
[1059 1187 1188 1186]
[ 218  274 1427   92]
[ 762  761 2075  765]
[1270 1268 2111 1271]
[1114 1381 2101 1380]
[1089 1091 2100 1090]
[1380 2101 1090 2100]
[1088 1090 2101 1354]
[ 468  707 2102 1811]
[2140 2109  381  383]
[2038 1258 2219 2216]
[ 662  674 2024  661]
[2034 1376 2092 2061]
[ 490 1905 1354 2103]
[ 382  381 2109  391]
[1182 1888 2116 2113]
[1354 2101 1381 2103]
[1147 1801 2120 1800]
[1277 1276 2011 1278]
[1999 2094 1959 1872]
[1008 1184 2105 1114]
[1234 1385 2057 1014]
[1267 1266 2111 1268]
[ 536  540 1010 2080]
[ 724  535  533 2059]
[1383 2059  536 2080]
[ 133  314 1500    7]
[1585 2146 2119  386]
[ 915 1347 2107 1868]
[1187 1202 2073 1188]
[1504 1427 1428 1429]
[ 939 1252 1425 1254]
[1196 1197 2070 1194]
[ 232  267 2149  106]
[1721 1723 2069 1799]
[1982 2061 2092 1169]
[1461   27  153  313]
[ 732  792 2074  791]
[2107 1347 1944 2110]
[2185 1243 1250 2187]
[1131 1183 2116 1888]
[2102 2113  502 1811]
[1419 2077 1263 1034]
[ 308   34  160 2163]
[1591 2108 1598 1318]
[ 662 2130 1385 2143]
[2186  364 1634 2173]
[ 278  123  249 1443]
[ 140 1063  141   14]
[1727 1724 1722 1726]
[1803 1687 2196 1250]
[ 244  311 2142  118]
[ 385 1584 2233 2235]
[ 799  802 2169  798]
[1725 2117  774 2126]
[ 701 2115 2118 1859]
[2113 2116 1836  502]
[ 768  765 2075  796]
[1723 1724 2117 1725]
[2029  510  506 2121]
[ 447  448 2171  445]
[ 816  820 2106 2015]
[1183 1227 2129 2127]
[1213 2123  516 2122]
[ 515  516 2123 1869]
[1621 1935 2135 1622]
[1161 2005 1628 2119]
[1187 1059 1058 2001]
[1055 2010 1460 1056]
[ 729 1383 2114 2025]
[1183 2127 1836 2116]
[1009 1380 2100 2097]
[1258 1259 2224 2219]
[1040 1059 1186 1185]
[1251 1393 2186 1947]
[764 765 768 766]
[ 939 1254 2099 2098]
[1253 1252  939 1027]
[ 391 2109 1219  425]
[1228 1229 2129 1227]
[ 162   35 1408  312]
[ 145   18  296 1493]
[1162 1161 2119 1218]
[2086 1515 2015 2106]
[ 424  425 1065 1064]
[ 462 1836 2127  720]
[ 760 2085 2075  761]
[1260 1261 2224 1259]
[ 901  925 2177 1912]
[ 512 2029 2122  516]
[ 431  430 2150  432]
[1913 1914 2283 2471]
[1197 1198 1201 1199]
[768 797 799 798]
[ 757  780 2211  756]
[ 795  939 2098  775]
[1800 2120 2118 1377]
[1230 1231 2138 1229]
[ 766 2066 1322  769]
[ 194  270 1426   68]
[1885  683 2131 1939]
[2127 2129 1890  720]
[1571  268 1514 2391]
[1219 1221 1222 1220]
[ 661  659 2130  662]
[ 434  432 2150  523]
[1205 1203 1285 1236]
[2131  683  682 2133]
[1954 2126  774 2019]
[1229 2138 1890 2129]
[1247 1246 2206 1387]
[2196 1687 1459 2197]
[1580 2136 1372 1707]
[1232 1233 2147 1231]
[ 425 1219 1220 1065]
[1739 2093 1622 2135]
[ 798 2066  766  768]
[ 458 1890 2138  509]
[1036  394 2104 1038]
[ 248  306 1535  122]
[2141 1032 1372 2180]
[ 259 2148   50  176]
[ 791 2074 1399 1035]
[ 223 1424 2368   97]
[1231 2147  509 2138]
[1859 2118 2120  507]
[2147 1233 1238 2152]
[2171 1384 2176 2049]
[ 657 2057 1385 2130]
[1291 2232 1178 2223]
[2241   75  201 1041]
[2091 1605 2170  384]
[ 658  657 2130  659]
[1661 1658  946 2193]
[ 456  509 2147 1901]
[1169 2092 2144 1295]
[ 687  803 2336 1742]
[ 106 2149  330  233]
[780 781 812 811]
[ 118 2142  329  245]
[1597 2155 2094 1633]
[1476 2406 1068 2139]
[1239 1240 2162 1238]
[ 651  645 2201  653]
[1755 2153 1292 1756]
[2007 2237 1583 2214]
[ 343 1547 2334  341]
[2147 2152  718 1901]
[1011 2174 2114 1010]
[2119 2146 1311 1218]
[1425 2137 2099 1254]
[ 358 2191 1393 2203]
[1205 1607 2225 1208]
[ 110 2096  305  237]
[2109 2140 1221 1219]
[1241 1384 2166 1240]
[1654  417 2240 1655]
[1157 1319 2161 1159]
[ 674  662 2143  675]
[1238 2162  718 2152]
[ 388 2090 2173 1634]
[2206 1678 2210  653]
[1376 1386 2144 2092]
[ 452  718 2162 1833]
[1680 2209 1257 2193]
[ 948  814 1068 1588]
[2094 2155  642 1959]
[1063 1392 2360 1473]
[ 942 2178 2136  777]
[ 753  774 2117 2151]
[ 313 1492 1319 2315]
[1240 2166 1833 2162]
[754 755 757 756]
[  33 1245 2163  160]
[2317 2158 1401 2157]
[1724 1727 2151 2117]
[  34  308 2443  161]
[1525 2165  805 1003]
[ 449 1833 2166  448]
[1397 1038 2104 1454]
[1491 1454 2104 1537]
[788 781 780 757]
[2186 2173 1185 1947]
[1554 1556 2227  281]
[ 348  350 2236  396]
[1574 2181 1575 1573]
[1597 2168  642 2155]
[2380 1403 1167 2217]
[1625 2170 1605 2232]
[1060  802  799 1022]
[1195 2007 2214 2022]
[1040 1185 2173 2090]
[2180 1372 2136 2178]
[ 383  380  384 2170]
[2049  443  445 2171]
[1234 2172 2143 1385]
[2221 1407 2376 1494]
[ 641  642 2168 2062]
[2168 1387 2201 2062]
[   5 2164  273  132]
[1235 1255 2172 1234]
[1516 1589 2396 1526]
[1282  415  418  428]
[ 665  664 2038 2216]
[ 675 2143 2172  680]
[1734 2177  925 2004]
[1695 1697 2222 1696]
[1067 1242 2174 1011]
[1204 1284 1305 1201]
[1384 1241 2045 2176]
[1323 1322 2169 2112]
[  12 1280 2195  139]
[ 523 2134 1726 1722]
[ 942 1287 2180 2178]
[ 754  753 2151  755]
[2141 2180 1287 1413]
[1624 1625 2232 1291]
[2321 1415 2277 1611]
[1220 2124 2183 1065]
[1322 2066  798 2169]
[ 793 1382 2182  962]
[ 519 2176 2045 2185]
[1515 2086 1571 2391]
[2182 1382 2114 2174]
[1629 1060 1022 1400]
[ 395 1053 1439 1547]
[1286  943 2230 1288]
[1453 1269 2199 1549]
[ 775 2098 2179  949]
[ 800  945 2074  792]
[1395 1396 2159 1029]
[1467 2306 1500  314]
[2174 1242 2200 2182]
[ 418 2256 1472 2261]
[ 437 1895 2187  708]
[1774 1775 2228 1248]
[ 208  256 2190   82]
[1017 1243 2185 2045]
[ 679  680 2209 1680]
[ 742 1680 2193  946]
[ 358  360  364 2191]
[2450 2370 2137 1425]
[1212 2233 1584 2237]
[1250 2196  708 2187]
[1203 1199 1201 2145]
[ 788 2139  812  781]
[ 435  708 2196 1910]
[1209 1211 2233 1212]
[1033 1262 2243 1307]
[2196 2197 1031 1910]
[2062 2201  645  644]
[1400 1022 2156 1401]
[1462  262 2412 1464]
[ 169   42  336 2239]
[ 962 2182 2200 1394]
[1678 2206 1246 1641]
[ 166   39 2389  263]
[ 357  358 2203  355]
[  75 2241  287  202]
[1991 2128 2228 1775]
[1225 1289 2257 1594]
[1562 1101 2184 1612]
[1726 2134 2310 1477]
[ 814  812 2139 1068]
[2184 1312  279 1437]
[ 154  279 1312   28]
[1618 1531 2423 2254]
[ 966 2156 1022  799]
[ 355 2203 2208  356]
[1177 1402 2223 1178]
[1255 2209  680 2172]
[1309 1397 2347 1438]
[ 811  961 2211  780]
[1727 2215  755 2151]
[1393 2191  364 2186]
[1029 2159  945  800]
[2466 1487 1969 2346]
[ 173 1685 2427   47]
[ 804 2264 1560 2295]
[2089 1282  428 2194]
[ 653 2210  664  651]
[ 251  294 2205  125]
[ 290 2250  168   41]
[ 415  414 2256  418]
[1470  302 2260 1472]
[2424 1541 2352 1096]
[1256 1257 2209 1255]
[2375 1920 2316 1735]
[ 303 1466 2406 1465]
[ 325 1586 1463 2276]
[1763 1681 2217 1167]
[1443 2301 2313  278]
[ 261 1990 2251 2175]
[ 667  665 2216 1832]
[2284 2327 2287 1438]
[1191 2022 2214 1251]
[1583 2208 1251 2214]
[2402  297 2274 2275]
[2216 2219  695 1832]
[1055 1295 2269 2010]
[2207 2160  945 2159]
[1484  427 2273 2245]
[   1 2341 1308  128]
[1414 1210 1208 2225]
[1159 2161 2277 1175]
[  82 2190 2244  209]
[1521 2222 1697 1410]
[2204 1290 1291 2223]
[2219 2224 1789  695]
[ 245  329 2218  119]
[  61  276 2253  188]
[ 257 1563 2344 1564]
[1501 1946 2253  276]
[2193 1257 2242 1661]
[1261 2230 1789 2224]
[ 807 1217 2282  950]
[1204 1595 2332 1442]
[1582 1583 2237 1584]
[ 776 1789 2230  943]
[ 788  757  755 2215]
[1920 2375 2457  267]
[1545  124  250 2279]
[1176 1178 2232 1605]
[ 351  385 2236  350]
[1399 2074  945 2160]
[1976 1352 2286 1974]
[2376 1535 2414 1494]
[ 303 1465 2359   37]
[1251 2208 2203 1393]
[1388 1373 2054 2231]
[ 260 2288 1334 1685]
[2247 2292  167   40]
[2323 2417 2330 1536]
[1456 2268 2421 1511]
[2188 2160 2207 2189]
[ 137 2305  319   11]
[1401 2156 2234 2157]
[1069 1578 2403 1577]
[2403  307 2339 1577]
[ 401 1632 2240  417]
[2006 1212 2237 2007]
[1436 2229 1663 2293]
[2146 2064 2362 1311]
[1405 1406 2235 1317]
[1211 1317 2235 2233]
[  43  169 2239  255]
[1635 1249 2440 2306]
[1220 1222 2238 1294]
[1338 1486 2303 1336]
[2405 1546 2349 2205]
[1601 2295 1558 1561]
[ 237  305 2278  111]
[1431 1617 2336 1615]
[1557 1600 2458 1561]
[1461  313 2315 2125]
[1435 1447 2322 1390]
[1063 1473 2261 1474]
[2089 2194 2195 1280]
[2294 2242 1257 1256]
[1335 2303 2416 1914]
[ 144   17 1411 2422]
[ 233  330 2307  107]
[2266  117  243 2314]
[ 104  333 2316  231]
[1553 2332 1206 2037]
[2302 1464 2412 1977]
[  69  295 2426  196]
[1560 2211  961 2297]
[  24  288 2321  151]
[ 324   83  209 2244]
[ 799  797 2311  966]
[ 999 1306 2325 1352]
[2410 2291  312 2398]
[2255   62  188 2253]
[  93  297 2402  220]
[  29  155 2388  300]
[ 119 2218 2259  246]
[  40  166  263 2247]
[1162 2125 2315 1656]
[1077 1389 2345 1675]
[ 316 2257 1304 2258]
[1448 1299 2384 1449]
[ 113 2248  327  240]
[1398 2296  301 1926]
[ 282 2465 2418 2300]
[1539 2280 2039  310]
[2158 2245 1400 1401]
[1495  187   60 2249]
[1750 1751 2364 1050]
[2284  121  247 2327]
[1421 2039 2280 2020]
[1187 2001 2373 1481]
[1652 1368 2379 2016]
[1616 1614 2343  735]
[ 136  292 2267   10]
[1551 2401 1267 1452]
[ 307 2403 1664 1665]
[1080 1404 2356 1314]
[ 419 1095 2424 1096]
[1914  175   48 2283]
[ 314  133    6 2252]
[  42  168 2250  336]
[1536 2330  149   22]
[1049 1050 2364 1051]
[2188 2246 1399 2160]
[1245   33  159 2350]
[1266 1265 2348 1502]
[1290 2204 2290 1304]
[2255 2253 1946 1422]
[1429 1432 2324 1433]
[ 674  735 2343 2024]
[1529 1775 1774 2381]
[2420 2357 1030 1908]
[ 424 1064 2461 1293]
[2010 2269 2250  290]
[ 255 2239 2319 1503]
[ 309  120  246 2259]
[  66  192 2412  262]
[  80  291 2421  207]
[1341 1343 2337 1342]
[1049 1048 2413 1050]
[  31  157 2435  317]
[  62 2255  265  189]
[1406 2236  385 2235]
[1751 1565 2459 2364]
[1423  429  431 2456]
[1263 1265 2401 1264]
[1290 1304 2257 1289]
[1285 1546 2405 1236]
[ 184 2386  337   58]
[  16  142 2260  302]
[1334 1684 2427 1685]
[1616  735  678 2430]
[1395 2202 2270 1396]
[1042 1754 2434 1755]
[1242 1067 2468 1330]
[ 148   21 2363  334]
[1616 2430  730  949]
[1255 1235 2441 1256]
[ 756 2264  804  754]
[ 334 2363 1445 1488]
[1645 1646 2365 1417]
[1245 2039 1421 2374]
[ 225  423 2289   99]
[2301 1405 1316 2313]
[1461 2265 1437  279]
[ 117 2266  311  244]
[1781 1780 2383 2281]
[ 256  208   81 2268]
[  30 2464 1439 1636]
[1654 1655 2428 1097]
[ 128 1308 2392    2]
[1543 1534 2467 1706]
[1280   12  138 2355]
[2348 1408 2443 1502]
[1437 2362 1612 2184]
[  58  337 2361  185]
[ 273 2373 1468 2252]
[ 430  280 2359  936]
[2189 2385  183  416]
[2326 2296 1399 2246]
[ 340 2132 2387 2320]
[1394 2200 2432 2329]
[1271 2111 2399 1457]
[1260 1720 2276 1463]
[2020 2280 2372 1297]
[ 801 1323 2438 2000]
[ 430  936 2310 2150]
[2179 2274 2429 1433]
[1549 2199 1298 2263]
[2197 2198 2456 1031]
[1607 2405 2205  294]
[2338 2141 1413 2369]
[1388 2344 2470 1753]
[1914 2416   49  175]
[1415 1177 1175 2277]
[1438 2287 1532 1309]
[1489 2328   64  190]
[1493 2394   19  145]
[2455 1544 2394 1493]
[2159 1396 2270 2207]
[  70 2271  338  197]
[1689 2452   43  255]
[1629 1400 2245 2273]
[1498 2262 2393 1499]
[1057 1458 2408 1459]
[  94  421 2446  221]
[1480 1898  926 2281]
[ 123  278 2279  250]
[1296 2192 2387 1253]
[1542 2361  337 2202]
[ 760 1103 2415 2085]
[ 286  226   99 2289]
[2137 2275 2274 2099]
[ 174  298 2283   48]
[1498  127  253 2419]
[1052 1588 1466 2358]
[2098 2099 2274 2179]
[1302 2338 2255 1422]
[1686 1300 2285 1684]
[1210 1414 2313 1316]
[1298 1662 2314 2263]
[ 806 1974 2286 1003]
[1280 2355  319 2089]
[1623 1096 2352 1670]
[1441 2272 2212 1284]
[1733 2371 2251 1734]
[1475 1476 2377 1477]
[1696 2149  267 2457]
[2314 1662 2378 2266]
[ 121 2284  306  248]
[1333 1334 2288 1301]
[1455 1500 2306 2440]
[ 269 1440 2294 1572]
[1931 1151 2335 1781]
[  36  162  312 2291]
[1225 1594 2340 1224]
[1507 2333 2234 2425]
[1533 2287 2327  309]
[ 936 1475 1477 2310]
[1702 2356 2190  256]
[ 807 1766 2423 1217]
[1436 2293 2354 1435]
[1486  259 2416 2303]
[  41  167 2292  290]
[ 183   56 2431  416]
[1441 1442 2400 1478]
[1420 2372 2280 1539]
[1282 2089 2404 2088]
[1429 1433 2429 1504]
[ 292  136    9 2299]
[1424 2192  326 2368]
[1559 1558 2295 1560]
[1445 1446 2340 1488]
[1433 2324  949 2179]
[1540 1244 1670 2352]
[2202  337 2386 2270]
[1039 1635 2306 1467]
[1569 1570 2298  283]
[1412 2451 2328 1489]
[1201 1305 2393 2145]
[1222 1224 2340 2238]
[1575 2181 2439 1576]
[ 964 1336 2303 1335]
[2452 1689 2380  331]
[2223 1402 2366 2204]
[1488 2323 1536  334]
[1035 1399 2296 1398]
[2106 2379 1570 2086]
[1286 1288 2302 2167]
[1508 2311  796 2304]
[1549 2263 2314  304]
[ 111 2278 2339  238]
[ 271  234  107 2307]
[2085 2304  796 2075]
[1071 2309 2346 1969]
[1498 1499 2407  339]
[1720 1675 2345 2276]
[1070 1514 2309 1071]
[ 252 2349  318  126]
[1750 2308 2071  284]
[1525 1524 2335 2165]
[  96 2320 1424  223]
[1726 1477 2377 2220]
[2317  335 2353 2158]
[1278 1447 1435 2354]
[1157 1656 2315 1319]
[1441 1478 2453 2382]
[1409 1416 2458 2397]
[2124 2455 1493  296]
[ 950 2282 2381  952]
[ 116  304 2314  243]
[1920  105  231 2316]
[1489  190   63 2433]
[1908 1072 2462 2420]
[1755 2434  258 2154]
[ 768  796 2311  797]
[ 271 2307 1521 2397]
[1986  327 2243 2351]
[1074 1390 2322 1636]
[1611   25  151 2321]
[1663 1279 2354 2293]
[ 523 2150 2310 2134]
[1168 1503 2319 1386]
[  31  317 2318 1420]
[2262  318 2349 1546]
[  21  147 1445 2363]
[1470 1472 2256 2428]
[ 288 2366 1415 2321]
[2245 2158 2353 1484]
[2456 2198 2389 1423]
[1456 1511 2325 1306]
[2175 2251 2371  333]
[1029 1394 2329 1395]
[1780 1781 2335 1524]
[1196 1206 2332 1595]
[ 949 2324 1432 1616]
[1464 2302 1288 2226]
[ 287 2241 2333 1507]
[2296 2326 2436  301]
[ 191   64 2328  299]
[2470 2344 1563  324]
[1344 1342 2337 1345]
[1457 2163 1245 2374]
[ 146   19 2394  328]
[1301 2288 2396 1391]
[1338 1487 2466 1486]
[ 120  309 2327  247]
[ 423  225   98 2390]
[1245 2350  310 2039]
[1476 2139  788 2377]
[1252 2132 2450 1425]
[ 805 2165 2335 1151]
[ 307  112  238 2339]
[1544 2238 2340 1446]
[1519 2357 2420 1518]
[1646  292 2299 2365]
[  23  149 2330  316]
[ 315 1986 2351 1551]
[1431 1615 2343 1614]
[2132  340 1522 2450]
[ 259 1486 2466 2148]
[2384 2271 2426 1449]
[ 224  326 2390   98]
[ 125 2205 2349  252]
[1386 2319 2469 2144]
[1560 2297 2395 1559]
[1032 2141 2338 1302]
[  37 2359  280  164]
[1615 1960 2024 2343]
[ 399 1612 2362 2064]
[1242 1330 2432 2200]
[2437 2449 1076 1112]
[1345 2337 1556 2447]
[ 272 1540 2352 1541]
[  32  310 2350  159]
[1442 2332 1553 2400]
[2096 2395 1576 2439]
[1554  331 2380 1555]
[ 901 1912 2462 1072]
[1776 1314 2356 1702]
[1277 1278 2354 1279]
[1632 1293 2418 2240]
[1060 1629 2384 1299]
[1262 1264 2351 2243]
[1542   59  185 2361]
[1446  328 2394 1544]
[1263 2077 2348 1265]
[2346  322 2148 2466]
[ 283 2298 2444 1485]
[1426  270 2367 1451]
[ 220 2402  421   94]
[ 342  300 2388 1538]
[  10 2267 2305  137]
[ 189  265 2433   63]
[2411  338 2271 2384]
[  11  319 2355  138]
[1559 2395 2096 1638]
[1052 1497 2410 1674]
[2459 1094 1051 2364]
[1308 2272  321 2392]
[1050 2413 2308 1750]
[1491 1494 2414 1454]
[1535 2376 2301 1443]
[1412 1489 2369 1413]
[2271   70  196 2426]
[1137 1735 2371 1733]
[1647 2088 2404 1648]
[2369  265 2255 2338]
[1279 1663 2378 1662]
[1177 1415 2366 1402]
[1735 1137 1444 2375]
[  24 2445 2290  288]
[1095 1417 2365 1418]
[  97 2368  326  224]
[ 953  952 2381 1774]
[1405 2301 2376 1407]
[1058 1468 2373 2001]
[1276 1297 2372 2011]
[2128  258 2434 2228]
[1912 1989 1520 2462]
[1343 2227 1556 2337]
[1271 1457 2374 1421]
[2446  421 2137 2370]
[2323 1594 2257 2417]
[1512  325 2276 2345]
[ 820 2016 2379 2106]
[ 293 2432 1330 2249]
[1295 2144 2469 2269]
[ 744 1742 2409  938]
[1266 1267 2401 1265]
[1070 1515 2391 1514]
[1410 1409 2397 1521]
[1414 2279  278 2313]
[2317 2333 2241 1041]
[1080 1753 2470 1404]
[1020 1664 2403 1578]
[1542 2329 2432  293]
[2272 1308 2341 2212]
[1552  289 2400 1553]
[1475 1465 2406 1476]
[2398 1419 1674 2410]
[2348 2077 1419 2398]
[2267 1648 2404 2305]
[1205 1236 2405 1607]
[2194 2360 1392 2195]
[2438 1451 2437 2000]
[  73 2353  335  200]
[1977 2412  192   65]
[1252 1253 2387 2132]
[1284 2212 2407 1305]
[ 129  321 2382    3]
[   3 2382 2453  130]
[1046 1292 2413 1048]
[1473 2360 2194  428]
[1300 1913 2471 2285]
[ 176   49 2416  259]
[2441 1283 2463 1572]
[1266 1502 2399 2111]
[2068 2424 1095 1418]
[  18  144 2422  296]
[2268   81  207 2421]
[1877 2312 2463 1283]
[2462 1520 1518 2420]
[1984 2000 2437 1112]
[2156  966 2425 2234]
[2137  421 2402 2275]
[1217 2423 1531 1530]
[   2 2392  321  129]
[1681 1345 2447 2217]
[ 298  174   47 2427]
[  57 1073 2386  184]
[1203 2145 2393 1285]
[1636 2435  157   30]
[ 679  730 2430  678]
[1506 1507 2425 1508]
[1015 1283 2441 1235]
[ 331  170   43 2452]
[1286 2167 2451 1412]
[1554 1555 2447 1556]
[2054 1094 2459 2231]
[2270 2385 2189 2207]
[ 301 2436   55  181]
[2375 1444 1696 2457]
[2347 2414 1535  306]
[2258 2445   24  150]
[ 433 1031 2456  431]
[1035 1398 2444 1367]
[ 289    4  130 2453]
[1066 1501 2468 1067]
[1522   95  221 2446]
[1663  311 2266 2378]
[ 423 2390  326 2213]
[2215 2220 2377  788]
[2197 1459 2408 2198]
[ 322 2346 2309 1513]
[1397 1454 2414 2347]
[1565 1564 2231 2459]
[1041  201   74 2448]
[2422 1411 2461 2183]
[1237 2431   56  182]
[ 182   55 2436 1237]
[2181  305 2096 2439]
[1304 2290 2445 2258]
[1220 1294 2455 2124]
[2192 1424 2320 2387]
[1526 2396 2288  260]
[1065 2183 2461 1064]
[ 197  338 2454   71]
[2380 2217 2447 1555]
[1438 2347  306 2284]
[ 324 2244 1404 2470]
[ 318 2262 1498 2419]
[ 126  318 2419  253]
[1248 2228 2434 1754]
[ 200  335 2448   74]
[1655 2240 2418 1471]
[1618 2254  938 2409]
[2259 2218 2467 1534]
[2461 2300 2418 1293]
[2384 1629 2273 2411]
[2068 1418 2365 2299]
[1877 1030 2357 2312]
[1706 2467 2218  329]
[2239  336 2469 2319]
[2257  316 2330 2417]
[1504 2429 2274  297]
[ 414 1097 2428 2256]
[2153 2308 2413 1292]
[ 961 1576 2395 2297]
[  36 2291 2410 1497]
[1076 2449 2367 1389]
[1368 1367 2444 2298]
[1256 2441 1572 2294]
[2269 2469  336 2250]
[1600  271 2397 2458]
[2089  319 2305 2404]
[2281 2383 2442 1480]
[ 282 2300 2461 1411]
[  71 2454 2331  198]
[ 427 2331 2411 2273]
[2331 2454  338 2411]
[ 339 2407 2212 2341]
[2283  298 2285 2471]
[1041 2448  335 2317]
[ 317 2435 1636 2322]
[1469 1471 2418 2465]
[2357 1519 2463 2312]
[2198 2408  263 2389]
[  30  156 2334 2464]
[1237 2342  416 2431]
[2167  299 2328 2451]
[2342 1237 2436 2326]
[1547 1439 2464 2334]
[ 265 2369 1489 2433]
[2450 1522 2446 2370]
[2437 1451 2367 2449]
[1502 2443  308 2399]
[1434 2460 2442  277]
[1480 2442 2460 1479]
