[1984 1928   84 2336]
[   3   -1  142 1949]
[   2 2114 1780   -1]
[1865    8 1575 2275]
[1433 2142 1919   56]
[2286 1709   38 1875]
[2089 1542  104   34]
[   4  169 2307 1663]
[ 103 1691 1572   -1]
[2255   -1 1983  124]
[118 144 280  89]
[ 656 1866 1979 1969]
[ 866  138 1668 2099]
[1000   95 2006 1939]
[2204 1612   18  290]
[2223 1888 1504   55]
[2140 1170 2227 1918]
[  15 1729 2030 1816]
[1300 2335 2073 1889]
[1789  165 1899   -1]
[  -1 1700 1978 1604]
[ 109 2016  139  438]
[1755 1924 1981  344]
[1694  200   48 1681]
[1689 1665 1812 2020]
[1995  416  164 1676]
[2059  112 1870  336]
[2330 1908 1454  152]
[2128 2170 2057   85]
[2048  117 1592 1938]
[1808  304 1880 1757]
[2235 2184 2029 2091]
[2127 1987 2341 1567]
[1879    7 2108 2329]
[  -1 1572 1880  304]
[2159   -1   70 1909]
[  -1 2141 1904 2269]
[   6  258 1862 2076]
[1901 2332 2009  117]
[2153 1876 1660 1349]
[2044 1972 1857  516]
[ 866 2099  753   -1]
[1730 1425 1661 2032]
[1789   -1 1560 1969]
[1046  110 1839 2251]
[1969 1878  384  656]
[ 506 1813  189 1776]
[  24  330 1741 1828]
[ 175 2209 1903 2315]
[1698 1860 2041 2218]
[2116 2190 1811 1887]
[1670 2333   -1  287]
[2038 1971 2011 1140]
[1895  243   58 1849]
[ 68 145  16 403]
[ 88   5 311 250]
[1882 2037   92  109]
[2026   54  462 1701]
[1726 1757 1880 2238]
[1704  182 1708  154]
[ 347 2111 1974 2300]
[2069 2112 2196 1931]
[1772 2102 1906  285]
[1890   -1   82  118]
[  -1 2314   75   94]
[2045  619 2301 1790]
[2078 2015   87  315]
[  55 1915 1981 1723]
[2043 1982 1851 2224]
[  36   -1 2108 2051]
[1898   -1   81 2310]
[126 190 504 503]
[2343 2342   90   86]
[2093 2244 2283 1742]
[2020  224   65 2182]
[1045  285 1906   -1]
[2091 2050 2223 2272]
[ 753 1783  326   -1]
[ 409  154 1708 1947]
[1626  225   -1 1068]
[  71   -1 1525 1554]
[  64   -1 1623  136]
[1560   -1  200 1694]
[2334    1 1858 1983]
[  29 2110   -1   -1]
[  73   87 2015  424]
[315  67  86  90]
[1433   56 1295   -1]
[1905 2146 1890   11]
[  87   73  108 1449]
[ 599  905 1948  625]
[245  -1 172  57]
[1876  300 2213 1660]
[ 224 1851   -1   65]
[1023 1711 2068   14]
[ 427 2129 1725  105]
[2074 2259 2249 1894]
[2062 2072 1916 2316]
[ 125 2276 2055 2013]
[1310   -1 1550 2036]
[1177  924  106 2139]
[1704  166  158  182]
[   9   -1 1735 2229]
[   7 2202 2051 2108]
[  96  284 2205  530]
[2037 2241 2331  101]
[1138  132 1971  216]
[221  -1 176  90]
[1837   57  172   22]
[ 196 1935 2094   45]
[1626 1068 2279 2082]
[1310 2036   27 2158]
[1188   -1 1138  216]
[1797 1573 2087 2277]
[2279 1068   -1 1076]
[ 282 2121 1750 1838]
[1855   39 1515   30]
[ 64 136 144  11]
[1952 2256 2008 2109]
[2070 2057 2040 2208]
[1957 2117 2221 2014]
[  -1 1428  217 1248]
[ 148 2113 2231   -1]
[2060 2255   10 2265]
[2276   99  489  139]
[ 395 1802 1874   72]
[ 919 1836 1180 1344]
[ 173  243 1942   -1]
[ 207 2066 2313 1796]
[ 148   -1 2323 2324]
[1836 1500  140 2273]
[2342 2321  107 1153]
[2288 1871 2138 2003]
[2019 2080  146   -1]
[1571   -1 1643 2187]
[2174 2230  118   82]
[1618 1891 1802 1963]
[2312   13 1471 2084]
[ 438   22 1967  125]
[2211 1959  131 1911]
[ 536   -1  151 2290]
[2152  358    2   -1]
[163 153 220 234]
[  11  118 1990 1734]
[1723   -1  320   55]
[1826   -1  134 2326]
[2274 2144  203   -1]
[ 130 1825  123   -1]
[1978 2226 1896 1604]
[  -1 1960 2070 1926]
[ 141   -1  439 1725]
[  -1 1954  347   28]
[294 143 174 156]
[  79 1720 2186   60]
[ 921 2059  336 1341]
[ 168  171 2000  153]
[2281 1835 1997 1853]
[209 192 182 102]
[ 976 1243 1345  179]
[1120  170  921 1345]
[1343 1727 1804  645]
[1919 2142 2168 1950]
[174 143 208 303]
[2217 1827   26 1845]
[1788  181 2176   20]
[ 185  102 1642  194]
[1520  483  187  376]
[1642  156  174  194]
[1976    8 1865  234]
[ 407 1922 2028  160]
[1642 1703 1795  156]
[2016  109   92   -1]
[ 128   -1 1188  462]
[ 163 1749  168  153]
[1048   49 2174 1623]
[1782 1449  108   -1]
[2169 2221  183   -1]
[ 483  253 1212  187]
[ 435  159 1568  333]
[ 399 1394 1751  323]
[ 209  165 1785  192]
[102 158 241  60]
[1911   -1  177 2211]
[ 456 2116 1887   -1]
[ 287  209  166 1670]
[ 211 1508 1692 1636]
[1118 1421  167  178]
[1634 1685 1667 1722]
[  -1 1941   47 1013]
[1874 1877 2092   72]
[1533 1717 1712 1399]
[1247  158  181 1785]
[1589  327  602  202]
[ 168 1749 1670  166]
[1247 1785 2154  214]
[ 360  382  110 1046]
[ 439   -1  381 1707]
[215 309 265 240]
[1576 1847  205 1841]
[330  24  83  -1]
[356 422 369 302]
[596 797 212 193]
[2086   -1  147 1985]
[ 802 1061  585 1036]
[206 199 213 296]
[ 205 1792 1820 1841]
[1336 1258 1709  129]
[ 163  234 1879 2103]
[ 185 2176  181  158]
[775 353 725 272]
[1520 1631  186  613]
[1459 1589  202  268]
[296 205 266 214]
[ 219  213  195 1255]
[ 198 1258 1336 1689]
[ 113  107 2118 1175]
[1907  122 2173 2271]
[1829 2044 1921 2295]
[ 269 1781  296  214]
[1377 1976  143  294]
[1153   -1  108 2342]
[614 379 274 252]
[236 238 457 434]
[  94   75 2020 1812]
[  -1   80 1461  389]
[ 231  984  261 1213]
[ 356 1486 1398  354]
[965 930 229 604]
[228 959 230 724]
[229 950 233 603]
[ 237 1169  226 1164]
[233 956 235 582]
[230 955 232 567]
[ 169 2046  208  143]
[232 960 249 697]
[ 527  524 1160  223]
[1181 1179  231  527]
[1160  270 1230  223]
[1714 1485  472 1864]
[1861 1258  198  265]
[1708  182 1247  266]
[ 262  247  641 1477]
[370 128 462  54]
[993 331 279  -1]
[ 924   -1   92 2037]
[ 538  661 1346  675]
[ 257  242  927 1452]
[887 775 272 251]
[ 235 1289  271  624]
[1751 2075 1295   56]
[ 261  984  248 1105]
[1025 1044  255  222]
[476 404 273 178]
[1924   -1 1723 1981]
[252 939 365 792]
[1205  958  931  499]
[247 289 694 641]
[  38 1709 1258 1861]
[ 278 2040 1455  260]
[ 259 1455 1399 1145]
[1176 1246  226  251]
[242 346 375 927]
[1378  949 1382 1522]
[464 318 281 265]
[ 264 2220  240  198]
[ 213 1847  241 1247]
[ 999 1877 1019   -1]
[ 752  212  797 1090]
[1551  633  293  219]
[ 366  238 1298 1376]
[249 986 277 998]
[ 776 1105  248  210]
[ 345 1384 1212  253]
[ 879 1025  222  986]
[1028  283  573 1312]
[ 300 1876 1451 1494]
[605 643 271 379]
[ 259 1145 1951 1784]
[ 244  348 1525   -1]
[ 297  298 1905   11]
[ 285 2220  264 1772]
[ 506 1776 2121  116]
[305 275 906 884]
[1725  439 1707  105]
[  76 1920  281   63]
[1459  338  374 1356]
[1899 2176  185   52]
[848 916 954 721]
[ 684  257 1452  568]
[1224   15 1816 1223]
[ 380 1974  448  362]
[2158 1809 2243 1390]
[ 269  310 1764 1781]
[ 153 2000 2042  220]
[1732 1840 2050 2029]
[ 219 1792  205  213]
[ 298  280 1734 1577]
[1713 2167  280  297]
[1840 1732 1616  467]
[  93  276  348 2301]
[1228 1442  390  651]
[1722 1710  201 1634]
[1973 1749  163 2103]
[  31 1954   -1   35]
[283 822 414 573]
[538 675 994 701]
[975 608 701 994]
[ 514  931 1346  661]
[ 198 1689 2020  464]
[351 342 293 633]
[  56 1919  323 1751]
[ 321 1771  350 2024]
[ 350  472 1496 1676]
[ 393  645 1779  335]
[  67   87 2259 2074]
[ 489 2013 1601 1375]
[ 922  421 1353 1354]
[ 367 1427 1772  264]
[1314  325 1407  717]
[2272 2223  145   -1]
[1867 1868  312 1968]
[ 334 1570  342  329]
[1546 1527  180  311]
[1321 1317  703  383]
[ 520  333 1568  319]
[360  -1  78 382]
[ 193 1392 1036  585]
[ 366 1376 1340 1361]
[1318  482 1314  322]
[2104   48  200   -1]
[1790  348  244 1159]
[842 725 353 769]
[ 325  386 1264  179]
[ 322 1314  717 1684]
[ 369  357  314 1779]
[878 410 155  27]
[1100 1544 1435 1151]
[390 286 752 651]
[2061 1492  343  878]
[2191  400 1467  398]
[ 355 1243  976  428]
[1318  322 1764  310]
[1497 1426  410  339]
[2061   23 2201 1512]
[ 273  404  480 1437]
[ 814  262 1477  802]
[1808   61 2330  152]
[ 279  331  300 1494]
[1190 1389 1299 1460]
[ 312 1351  313 1827]
[ 310 1590 1308 1318]
[1922  407  361 2197]
[609 721 332 210]
[1475 1321  383  227]
[ 789 1196  341  431]
[ 227  383  201 1664]
[ 371 1429  393  335]
[1982 1614 1949  142]
[ 401 2165 2193 2025]
[988  -1 326 196]
[1965  352 1271  400]
[ 291  448 1467 1293]
[848 446 764 916]
[1019 1877 1874 1397]
[ 792  255 1353  421]
[270 328 443 786]
[ 318  464 2225 1566]
[2023 1221  423  720]
[ 335 1634  201  371]
[2115 1857 1942  243]
[ 357  369  422 1141]
[ 449 1657  489 1375]
[605 379 614 658]
[426 466 286 390]
[1070 1053  262  814]
[ 167 1421 1519 1132]
[812 751 721 609]
[1903 1198 1253 2315]
[986 222 373 277]
[1281  903 1680  291]
[2261 2162  197   -1]
[1935  196  326 1783]
[422 356 354 324]
[ 656   46 1902 1606]
[2166  966 1371 1937]
[ 520 1214 1339  333]
[1597 1502 1283 1706]
[1198 1903 1092  408]
[2062 1428   -1  225]
[338 301 396 374]
[2119 1556 1360  545]
[ 826 1207 2316 1916]
[1253 1198  314  357]
[1155 1800 1325  534]
[ 479 1410 1963  126]
[1472 1517  426  390]
[1323 1352 1521 1507]
[ 340 1480 1726 2052]
[1380 1448 1103  180]
[1170  361 1443  340]
[1394 1103 1542  359]
[1307  425  444 1230]
[1915   55 1504 1553]
[ 345  253  461 1065]
[1830  442  501  525]
[ 822 1411 1237  556]
[ 170 1120 1271  352]
[ 388 1092  459 1210]
[  79 1867 2200 1720]
[ 343 1341  336  878]
[1011 1101  513  453]
[1022  468  598 1217]
[1074 1167  574  524]
[777 739 305 556]
[1320 2011  424 1430]
[1845   26 1805   -1]
[ 976 1402 1499  428]
[1396  480 1065 1180]
[ 434  429 1240  938]
[ 632 1389 1116 1226]
[ 365  317 1378  636]
[383 703 371 201]
[ 368 1217  598  829]
[2343   86 1430  415]
[1479 2082 1155  402]
[ 396 1349  466  374]
[ 96 530 486 508]
[ 431  341  417 1122]
[457 534 419 434]
[1814 1023 1125  571]
[ 428 1236 1538  355]
[ 436 2009 1635 1574]
[1317 1505 1257  703]
[429 419 454 223]
[1402  976  179 1264]
[1515  432 1094 1284]
[ 512  513 1101 1194]
[  22  139  489 1657]
[197 284 151  -1]
[460 983 809 569]
[920 886 883 875]
[1730  563  463  405]
[ 366 1361 1481 1286]
[ 402 1155  534  457]
[ 992 1060 1220  768]
[1077 1104 1252  363]
[541 478 990 619]
[ 362  291 2311 1480]
[1450 1763  372 1619]
[1113 1173  920 1030]
[630 569 809 607]
[1614 1629  517 2270]
[1069 1099 1078  411]
[ 434  488 1181  527]
[1606 1902 1297 1277]
[ 184   -1 1223 1816]
[1230  444  429  223]
[ 693 1064 1814  571]
[ 408  948 1596 1343]
[ 440 1233 1111 1106]
[ 404  476  484 1126]
[ 243  173 1175   58]
[491 501 442 586]
[2182  367  264  309]
[ 570 1185  474 1033]
[990 478 374 426]
[ 299 1616 1556 2119]
[593 412 977 665]
[1021 1383  732 1110]
[2267  492  563 1730]
[1192 1339 1214 1308]
[ 239 1506  313 1351]
[1012 1148 1156 1107]
[513 512 505 465]
[678 766 817 638]
[554 461 253 483]
[ 714 2151 1202  484]
[1511 1356  466  447]
[1031 1004  395  503]
[ 345  418 1482  785]
[ 497 1098  704 1839]
[ 520  329 1414 1214]
[178 167 613 476]
[ 554  477 1126  461]
[2237  740  588 1668]
[427 548 699 617]
[795 539 695 577]
[ 507  454  938 1195]
[316 372 438 125]
[1204  565  632 1226]
[1002  664  463 1102]
[2195 1108 1057  470]
[ 626 1174  550 1315]
[2164  670  528  552]
[514 546 499 931]
[525 501 759 579]
[ 718 1063  481 2094]
[969 978 532 850]
[495 540 757 256]
[1091  963 1208 1080]
[664 496 405 463]
[929 616 639 522]
[ 72 504 579 479]
[ 503   72 2092  525]
[ 801 1033  474  631]
[1611 1988   47  282]
[ 488  917 1152 1181]
[ 427  617 1073 2129]
[ 825 1203 1184 1139]
[1032  648  616  929]
[1005 1093  673  642]
[ 631  474  437 1199]
[ 474 1069  411  437]
[308 820 519 495]
[ 899 1062 1761 1322]
[  41 2115  698  543]
[ 452 1218  995  893]
[ 661  537 1071  820]
[1584  546  514 1702]
[ 325 1314  482  386]
[522 577 987 526]
[502 654 521 716]
[ 637 1054 1168 1114]
[ 413  574  236 1164]
[ 496  504 2216  405]
[699 548 716 521]
[1164  236  454  237]
[601 628 494 674]
[774 601 733 615]
[ 427  105 1943  548]
[1178  569  630  737]
[770 663 850 498]
[1005  607  809 1093]
[ 444  394 1240  429]
[873 895 890 889]
[1801   -1  141 1854]
[ 518  661  538 1020]
[306 683 537 246]
[558 487 766 734]
[748 499 546 660]
[ 704 1393 1511  447]
[ 626 1315 1347  961]
[ 516  698  670 2164]
[ 566  587 1070  760]
[1487 1504 1888  391]
[519 595 540 495]
[ 840  872  794 1510]
[486 530 581 526]
[ 559 2026 1701 1083]
[ 493 1172  623 1305]
[ 553  587  566 2298]
[ 590 1921  494  628]
[1958  806  587  551]
[613 714 484 476]
[ 979  961 1347 1329]
[406 774 782 414]
[577 695 572 832]
[539 707 747 695]
[ 562 1183  549  685]
[908 663 770 858]
[1016  676 1114  570]
[883 886 559 700]
[ 586  442  470 1057]
[ 630 1260  748  737]
[663 908 627 490]
[ 551  544 2199 1759]
[603 233 582 594]
[1312  573  706  289]
[ 440  451  531 1233]
[1097  561 1185  465]
[1171  679  458  430]
[557 763 646 736]
[739 568 275 305]
[1303 1160  524  413]
[ 590  790 1853 1997]
[ 771   -1 1893 2125]
[654 487 557 521]
[1147  737  748  660]
[ 496 1085 1031  503]
[ 756  773 1326  711]
[ 926  716  548 1943]
[697 662 567 232]
[591 715 653 724]
[ 900  672  803 1012]
[602 327 204 892]
[ 563 1150 1102  463]
[ 551  553 1035  544]
[ 806 1958 1668  485]
[816 634 860 917]
[2219  552  790  575]
[622 691 583 603]
[797 596 914 876]
[634 816 598 468]
[567 662 696 622]
[1584  677  660  546]
[202 602 888 592]
[965 604 608 975]
[423 412 593 891]
[761  91 618  -1]
[ 644  627  647 1620]
[ 529 1237  628  528]
[193 585 923 596]
[567 591 724 230]
[724 653 597 228]
[373 650 629 277]
[998 643 791 620]
[ 533 1005  979  451]
[597 653 657 307]
[353 775 845 377]
[1016 1137 1936 1225]
[697 620 730 662]
[ 815  726  709 1234]
[ 554  483  211 1636]
[792 671 373 222]
[529 733 971 784]
[ 510 1015  847  502]
[ 486 1034 1121  508]
[ 599  625 1332   -1]
[2213   66  704  447]
[755 611 624 606]
[992 768 749 834]
[594 690 691 591]
[ 550 1101 1011 1441]
[998 620 697 249]
[1912 2084  618   91]
[ 542  642 1174  493]
[947 600 632 565]
[ 528  601 1381  552]
[746 788 643 605]
[979 564 531 451]
[ 512 1280 1268  505]
[420 490 627 644]
[ 269 1551 1590  310]
[593 665 936 589]
[1477  641 1211 1227]
[ 421  841 1529  735]
[ 676 1484 1143  523]
[834 749 727 475]
[502 847 817 654]
[ 932  941  740 2237]
[ 242  257 1135  635]
[511 673 626 961]
[606 998 277 629]
[1389  632  600 1299]
[1685  314 1210  161]
[736 572 669 665]
[ 600  947  909 1541]
[ 693  798 1015  510]
[707 666 742 772]
[658 811 746 605]
[ 338 1037 1056  301]
[1115  996 1229  851]
[608 604 583 659]
[577 522 639 795]
[1012  803  750  728]
[  46  384 1673   12]
[997 701 608 659]
[671 915 650 373]
[ 896 1051  657  653]
[595 882 578 540]
[308 246 537 518]
[708 594 582 611]
[ 565 1204  532  560]
[501 491 983 759]
[ 646 1049  634  468]
[734 680 756 649]
[1565  881  691  690]
[ 924 1177 1235   -1]
[ 907 1049  646  763]
[ 543 1003  674  494]
[735 943 658 614]
[743 856 584 900]
[1142 1291  642  511]
[ 670 1166  733  528]
[ 306  246  957 1029]
[ 637  561  898 1488]
[1718 1387  882  595]
[680 702 475 727]
[1128  798  693  571]
[702 678 781 666]
[1537 1540 1424 1040]
[ 918  818  743 1130]
[1020  538  701  997]
[ 289  706 1050  694]
[ 849  700  559 1083]
[ 799 1400 1510  794]
[1493 1532  696  705]
[742 744 807 772]
[1750  767 1737  731]
[ 667  622  696 1532]
[591 622 667 715]
[1441 1011  732 1330]
[ 458  679  648 1032]
[ 257  684 1096 1156]
[763 557 487 558]
[594 708 687 690]
[582 235 624 611]
[ 543  516 1895 1003]
[ 486  526  987 1034]
[562 685 859 913]
[307 657 683 306]
[678 680 734 766]
[1141  422  324  433]
[ 541  619 2045  481]
[1463  687  708  712]
[ 568  739 1041  684]
[741 558 734 649]
[662 730 705 696]
[ 612  940 1027 1232]
[1292 1038  991 1001]
[1261  744  742  580]
[ 730  808 1420  705]
[1817 1822  821  952]
[ 477  554 1636 1644]
[583 691 881 896]
[526 581 929 522]
[ 334  319 1426 1497]
[2199  760 1063  497]
[1157 1239  728  805]
[ 829 1087 2239  368]
[769 353 377 288]
[1595  729 1544 1528]
[827 772 807 812]
[604 229 603 583]
[210 332 836 776]
[902 953 940 612]
[638 830 754 678]
[719 783 655 750]
[1400  799  894  722]
[611 755 712 708]
[ 689 1692 1508 1842]
[ 469 1251  692 1078]
[ 674 1131  615  529]
[702 666 707 539]
[831 671 792 636]
[977 832 572 646]
[ 578 1216  531  564]
[ 854 1359 1383 1021]
[573 414 869 706]
[640 912 806 485]
[707 772 827 747]
[756 711 688 649]
[ 672 1018  682  833]
[ 688  711 1104 1077]
[ 862  967 1119  935]
[650 793 788 629]
[558 741 907 763]
[578 564 757 540]
[621 813 830 638]
[863 805 728 655]
[807 848 377 812]
[ 268 1037  338 1459]
[  78   -1   42 2203]
[ 727 1447  773  781]
[620 791 808 730]
[742 666 781 580]
[1205  499  748 1260]
[1842 1508  944  821]
[ 496  664 1106 1085]
[ 544 1070 1059  718]
[599  -1 771 905]
[1624  858  945  944]
[695 747 669 572]
[ 823  800  363 1252]
[ 838 1613 1588  942]
[475 702 539 795]
[1739  689 2262 2188]
[621 445 825 813]
[721 954 867 332]
[532 978 952 560]
[ 576 1835  761   -1]
[688 723 741 649]
[1418  580  781  754]
[ 529  784  556 1237]
[210 248 864 609]
[835 787 272 725]
[414 782 968 869]
[1176  787 1583 1241]
[1322 1306 1165 1158]
[ 791  823 1252  808]
[754 773 756 680]
[556 784 981 777]
[1239 1148 1012  728]
[910 782 774 615]
[1437  480 1547 1491]
[1307 1230  366 1286]
[ 776  835  778 1105]
[629 746 823 791]
[1371  966  355 1538]
[ 575  590 1381 1417]
[606 788 780 755]
[255 365 735 614]
[823 746 811 800]
[ 547  824 1047  686]
[487 654 817 766]
[985 911 800 811]
[592 854 268 202]
[1129 1060  648  679]
[ 686 1047  877  729]
[796 916 764 793]
[ 505 1268 1612 1117]
[1061  204 1014  346]
[584 856 962 655]
[1415  906  964 2183]
[719 750 865 837]
[ 588  740 1008  553]
[ 751  723  688 1077]
[1335  712  755  780]
[ 440 1002  533  451]
[ 942 1588 1385 1007]
[915 796 793 650]
[751 377 845 723]
[880 819 749 768]
[ 346 1014 1059  375]
[ 902  612 1201  889]
[ 589 1144  891  593]
[639 834 475 795]
[879 960 833 682]
[ 982 1495  830  813]
[ 518 1687 1702  514]
[ 713 1832  758  945]
[ 305  884 1401  406]
[764 780 788 793]
[ 839 1026  794  872]
[ 509  880  768 1220]
[ 392 1465 1462 1296]
[845 970 741 723]
[ 846 1579  844  842]
[ 891 1072  720  423]
[ 749  819 1447  727]
[ 735 1529 1531  943]
[1017  987  557  736]
[818 956 856 743]
[638 817 847 621]
[ 787  776  836 1466]
[835 725 842 844]
[805 865 890 895]
[ 765 1246 1176 1241]
[824 853 946 937]
[1501  852  872  547]
[1378 1522 1518  636]
[836 332 867 828]
[1130 1123  980  925]
[1466  836  828 1649]
[868 827 812 609]
[ 828  867  855 1460]
[616 992 834 639]
[ 751 1077  363  288]
[1163 1209  859  685]
[1146  973  498  532]
[ 652 1009  882 1387]
[853 840 857 913]
[872 852 885 839]
[ 738 1090  797  876]
[1100 1151  846  870]
[833 955 803 672]
[1501  875  883  852]
[ 952  762 1133  560]
[ 849 1161  885  700]
[ 589  936 1112 1152]
[ 935  951 1309  862]
[ 745  861 1391 1419]
[962 950 865 750]
[ 775  887 1058  868]
[863 959 837 805]
[  42   -1 1471   13]
[842 769 870 846]
[ 864 1058  970  845]
[897 980 739 777]
[1040  855  867  954]
[ 911  985 1537 1040]
[547 840 853 824]
[1201 1191  895  535]
[1552 1010 1086 1116]
[ 857 1382  949  441]
[ 592  914 1359  854]
[1010 1552  894  799]
[ 410  336 1870  339]
[ 818  918  274 1289]
[1139  982  813  825]
[1580 1609  715  667]
[1147  660  677  851]
[562 913 857 441]
[1415  822  283  906]
[859 946 853 913]
[ 562  441 1173 1183]
[ 248  984 1134  864]
[ 914  596  923 1327]
[ 535 1006  933  815]
[ 535  837  930 1006]
[ 816 1149  829  598]
[1061  901 1278  585]
[1770 1773 2270  517]
[ 877 1435 1544  729]
[ 535  873 1157  837]
[ 715 1609 1051  659]
[980 869 968 925]
[ 676 1016 1225 1364]
[ 515 1158 1231 1094]
[1107 1018  672  584]
[1162 1275  892 1338]
[ 815  933 1029  726]
[ 380 1281 1196 1863]
[1452  927  912 1055]
[ 761 1835 2281   91]
[ 884  283 1028  804]
[669 747 970 928]
[ 560 1133  947  565]
[ 647 1127 1365 1348]
[1483  939  981  784]
[871 954 916 796]
[ 941  904 1008  740]
[885 852 883 700]
[ 888 1357  876  592]
[811 658 943 985]
[363 800 911 288]
[ 507 1195 1144  589]
[ 682  925 1025  879]
[ 127 1202 2022 1932]
[441 949 989 450]
[ 155 1374  160 2028]
[ 317  989  949 1378]
[1278 1311  888  602]
[668  -1 245 101]
[ 843  897 1066  918]
[2126 1032  929  581]
[1053  904  247  262]
[1075 1049  907  970]
[502 716 926 510]
[890 959 228 965]
[ 256 1259  308  495]
[1944  964  941  640]
[994 902 889 975]
[1139 1081 1586 1564]
[1067  937  861  745]
[ 634 1049 1075  860]
[ 951  935 1026  839]
[ 419 1256 1195  488]
[1044  910 1353  255]
[ 726  991 1038  709]
[ 640  932 1055  912]
[ 810 1074 1246  765]
[831 974 915 671]
[ 762  945  758 1631]
[944 762 952 821]
[ 839  885 1161  951]
[ 627  908 1127  647]
[ 459 1092 1988 1611]
[875 263 922 920]
[863 962 230 959]
[ 937  946 1249  861]
[945 858 770 713]
[ 957  991  726 1029]
[288 911 870 769]
[956 233 962 856]
[955 833 960 232]
[1346  972  953  675]
[1259  256 1473 1001]
[229 930 865 950]
[1289  235  956  818]
[ 542  555 1005  642]
[803 955 950 863]
[1043  500 1184 1203]
[ 804 1028  932 1927]
[ 597 1006  930  228]
[1863 1196  789  385]
[1419  973 1146  745]
[ 981 1066  897  777]
[1667 1024  498  973]
[827 868 928 907]
[ 615 1030 1354 1483]
[ 957 1259 1001  991]
[ 969  850  967 1774]
[ 985  943 1531 1537]
[ 307  933 1006  597]
[159 435 417 341]
[1017  736  468 1022]
[1024 1817  770  498]
[ 630  607  555 1260]
[ 869  897  843 1041]
[ 910 1044  968  782]
[ 819  880 1564 1539]
[1002  440 1106  664]
[ 226 1169  887  251]
[974 871 796 915]
[ 379  271 1289  274]
[ 699  521  832 1017]
[ 360 1046  993   -1]
[ 920  922 1354 1030]
[ 466 1660 2213  447]
[953 972 710 940]
[ 621  847 1015  445]
[ 244   -1  988 1159]
[ 306 1029  933  307]
[1238 1758 1770  517]
[ 652 1115 1758 1238]
[ 657 1641 1658  683]
[624 271 643 606]
[ 267   -1 2077 2319]
[2107 1125 1023   14]
[ 972  958 1408  710]
[1093  809  983  491]
[1197 1166  670  698]
[ 479 1031 1406 1410]
[511 961 607 533]
[890 965 975 889]
[1262 1167 1074  810]
[ 806  912 1053 1035]
[1229 1456 1147  851]
[ 877 1047 1079  874]
[ 623  411 1078  692]
[655 783 473 584]
[1813 1048   -1  189]
[ 802 1036 1089  814]
[ 648 1060  992  616]
[ 610  898  561 1097]
[ 977 1034  987  832]
[1084 1130  743  900]
[1042   -1  267  364]
[ 683 1658 1071  537]
[ 469 1082 1090  738]
[ 412 1121 1034  977]
[1711   95 1000  430]
[1804 1727  978  969]
[ 918 1066  252  274]
[ 937 1067 1047  824]
[ 709 1038 1405 1250]
[ 906  275 1055  964]
[953 902 994 675]
[ 989  971 1131  450]
[ 579 1111 1004  479]
[ 510  926 1064  693]
[ 505 1117 1097  465]
[ 699 1017 1022  617]
[1008 1053 1070  587]
[ 327 1498 1014  204]
[1082  651  752 1090]
[1439 1027  940  710]
[1043 1203 1088 1254]
[ 871  681 1100  870]
[ 980 1123 1050  706]
[1432   -1 1019 1397]
[ 963 1039 1279 1208]
[ 939  252 1066  981]
[  76   -1 2137 1920]
[  45 1159  988  196]
[ 794 1026 1010  799]
[  -1 1013 2209  175]
[669 928 936 665]
[1096  684 1041 1084]
[ 659  896 1625 1641]
[1385 1118 1304 1262]
[ 927  375 1035 1008]
[1143 1056 1099  523]
[1028 1312  904  941]
[1054 1143  651 1082]
[ 492 1265 1150  563]
[ 868  864 1134 1075]
[ 814 1089 1063  760]
[1088  445 1015  798]
[ 204  802 1338  892]
[ 515 1094 1574 1563]
[ 497  718 1059 1098]
[2253  458 1032 2126]
[ 404 1126 1344  418]
[1044 1025  925  968]
[ 935 1119 1079 1026]
[ -1 115 111  80]
[ 453  513 1185 1168]
[ 760  544 1035  375]
[ 518 1020 1671 1687]
[1087  829 1149 2067]
[ 508 1121 1221 2035]
[1213  942 1007  413]
[ 936  928 1058 1112]
[2172  115   -1 1645]
[446 848 807 744]
[1011  453 1110  732]
[1067 1200 1086 1010]
[1324 1637 1621  500]
[ 934 1139 1184 1603]
[1037 1021 1110 1056]
[ 549 2136 1163  685]
[1107 1050 1123 1018]
[ 759 1106 1111  579]
[1079 1226 1116  874]
[1615  720 1072 1883]
[1039 1220 1060 1129]
[1098 1059 1014 1498]
[ 268  854 1021 1037]
[1603 1184  500 1621]
[2081  948  408  388]
[1002 1102  511  533]
[ 899 1231  436 1062]
[2067 1149 1193 1294]
[1050 1107 1156  694]
[ 570 1033 1137 1016]
[1089 1393  481 1063]
[1168 1054 1110  453]
[1040 1424  337  855]
[ 623 1172  437  411]
[ 586 1142 1093  491]
[ 399 1219  401 1394]
[ 744 1261 1335  446]
[ 272  787 1176  251]
[ 983  460 1085  759]
[ 473 1096 1084  900]
[2190 1273 1265  492]
[2035 1221 2023 1955]
[1078 1099 1082  469]
[1406 1031 1085  460]
[1134 1154  860 1075]
[1173  450 1131 1189]
[ 523 1168 1185  561]
[1453 1514  996  652]
[ 874 1086  420 1562]
[1137 1033  801 2163]
[1421  187 1212 1052]
[ 745 1146 1200 1067]
[ 160 1243 1316  407]
[ 617 1022 1217 1073]
[1499 1489 1236  428]
[ 843 1130 1084 1041]
[1549 1593 1462 1548]
[ 430 1000 1245 1171]
[ 461  484 1202 1065]
[ 947 1133 1132  909]
[ 679 1171 1342 1129]
[ 798 1128 1254 1088]
[ 682 1018 1123  843]
[ 733 1166 1113 1030]
[1365 1127 1520  376]
[ 858 1624 1127  908]
[1058  887 1154 1112]
[1156 1148 1211  641]
[1196 1281 1316 1243]
[2098  610 1097 1117]
[ 113   -1 1153  107]
[ 880  509 1081  934]
[1269 1290 1163   53]
[ 703 1257 1429  371]
[ 673 1102 1150 1242]
[ 637 1228 1056 1054]
[ 917 1193 1149  816]
[1740 1831  278  260]
[1204 1119  967  850]
[ 882 1009 1216  578]
[1206 1135  473  783]
[1144 1095 1072  891]
[1057 1263 1142  586]
[1460  855  337 1190]
[ 860 1154 1179  507]
[ 221  132 1138   -1]
[1112 1134 1169 1152]
[ 425 2079  394  444]
[ 694 1096  473 1135]
[ 895 1191 1274  719]
[ 779 1165 1276  899]
[ 993 1046 2251  331]
[ 236  574 1298  238]
[1209 1249  946  859]
[1274  901 1227 1206]
[ 849 1083 2038 1140]
[ 231 1213  524  527]
[1215 1244 1158  779]
[1189 1131  674 1003]
[1007 1262 1303  413]
[1114  523 1099 1069]
[ 231 1179 1154  984]
[  17 1965  400 2191]
[ 571 1125 1370 1128]
[ 550 1174 1194 1101]
[ 450 1113 1186  886]
[1291 1172  493  626]
[ 462 1188  216 2085]
[ 261 1105  778  838]
[ 101 2247 1224  668]
[ 531 1216 1423 1233]
[1152 1169  237 1181]
[2273  418 1344  127]
[ 454  507 1179  237]
[2096 1844 1557   -1]
[ 886 1186 2026  559]
[ 963 1091 1081  509]
[ 465  570 1114 1069]
[1183 1173 1189 1849]
[1489 1507 1521 1655]
[ 113 1175  173   -1]
[1166 1197 1186 1113]
[1435 1562  349 1151]
[1288 1275 1157  873]
[1297 1355  471 1277]
[1095 1144 1195 1256]
[1172 1291 1199  437]
[ 488  938 1193  917]
[ 355  966  903 1136]
[1003 1895 1849 1189]
[ 388 1210  393  378]
[1280  512 1194 1242]
[1119 1204 1226 1079]
[ 815 1234 1288  873]
[ 919 1344 1126  477]
[ 963  509 1220 1039]
[ 490 1200 1146  663]
[ 757 1329 1473  256]
[1148 1239 1162 1211]
[1646 2271  392 1296]
[ 500 1043 1272 1324]
[1290 1379 1161  849]
[1343  645 1198  408]
[1135 1206 1227  635]
[ 273 1304 1118  178]
[ 226 1246 1074 1164]
[ 482 1414  471  386]
[1165 1306 1324 1272]
[ 737 1147 1516 1178]
[ 423 1221 1121  412]
[1503 1558 1238  517]
[1989 2202 1103 1448]
[ 445 1088 1203  825]
[1073 1217  368 1109]
[1285 1659 1823 1284]
[ 456   -1 1235  290]
[ 290 1235 1177 2204]
[2306 1287  898  610]
[ 420 1086 1200  490]
[ 635 1211 1162 1338]
[1143 1484 1656  301]
[ 652 1238 1456 1009]
[457 238 786 402]
[1094  899 1285 1284]
[1250 1327 1234  709]
[1178 1403  460  569]
[1232 1311 1201  612]
[ 668 1224 1223   -1]
[1533  431 1122 1717]
[ 774  406 1381  601]
[ 995 1218 1229  996]
[1274 1206  783  719]
[ 419  534 1325 1256]
[ 778 1583 1613  838]
[1291 1142 1263 1199]
[ 159  341 1136 1120]
[1276 1165 1272 1367]
[1125 2107 1686 1370]
[ 942 1213  261  838]
[266 241 192 195]
[1907 2266   -1  122]
[ 951 1161 1379 1309]
[1386 1357 1232 1027]
[1330  732 1383 1405]
[ 446 1335  780  764]
[ 393 1429 2156  378]
[1129 1342 1279 1039]
[1551  214 2154 1866]
[1240 1294 1193  938]
[ 433 1990 2248 1141]
[215 240 258 207]
[ 958  972 1346  931]
[ 979 1329  757  564]
[ 711 1326 1420 1104]
[1052 1369 1167 1007]
[1265 1280 1242 1150]
[ 333 1339 1323  435]
[1108 1267 1263 1057]
[1384 1301 1340 1369]
[1273 1268 1280 1265]
[ 631 1267 1729  801]
[2011 1320 1290 1140]
[1368 1637 1324 1306]
[1316 1443  361  407]
[1244 1215 1208 1279]
[2030 1729 1267 1108]
[1157 1275 1162 1239]
[1274 1191 1278  901]
[1158 1244 1464 1285]
[1192 1308 1590  455]
[ 892 1275 1288  923]
[1043 1254 1367 1272]
[1199 1263 1267  631]
[1293 1136  903  380]
[1672 1593 1549 1547]
[1372 1819 1598  387]
[ 436 1231 1222 1592]
[1222 1231 1276 1559]
[ 443 1481 1585  786]
[2260 1364 1225 2246]
[1201 1311 1278 1191]
[986 249 960 879]
[1140 1269 1412 1209]
[1174  673 1242 1194]
[1408 1431 1439  710]
[1443 1316 1281  362]
[1095 1256 1325 1872]
[2095   -1   88  250]
[ 826 1490 1561 1207]
[2090 1352 1192  455]
[1376  270 1160 1303]
[1620 1579  349  644]
[  -1 2124   19 2232]
[1457 1266 1437 1491]
[1521 1352 1681 1333]
[ 574 1167 1319 1298]
[1052 1212 1384 1369]
[1315  550 1441 1366]
[1215  779 1388 1270]
[ 786 1585 1479  402]
[ 471 1414  351 1277]
[ 861 1249 1543 1391]
[1390   -1  100  112]
[1288 1234 1327  923]
[ 568 1452 1055  275]
[1350 2142 1433   -1]
[329 520 319 334]
[ 542  493 1305 1404]
[1136 1293 1271 1120]
[1599 1622  433  324]
[ 342  351 1414  329]
[1369 1340 1376 1303]
[1470 1398 1269  415]
[1526 1599  324  354]
[ 515 1334 1388  779]
[ 397 1402 1264 1355]
[1215 1270 1080 1208]
[1240  394 2130 1294]
[ 580 1418 1463 1261]
[1311 1232 1357  888]
[1649 1541 1469 1466]
[1205 1260  555 1347]
[1251 1439 1431  692]
[1763 1450 2258 1762]
[ 618 2084 1471   -1]
[1363 1302 1828 1416]
[1358 1322 1761 1733]
[1104 1420  808 1252]
[ 215  207 1662 1787]
[2064 2234 2080 2008]
[ 901 1061 1477 1227]
[1355 1264  386  471]
[1266 1457  328 1319]
[1426 1374  155  410]
[1128 1370 1367 1254]
[1210  459 1534  161]
[ 127 1180 1065 1202]
[ 160 1374 1568  159]
[ 308 1259  957  246]
[ 542 1404 1329  555]
[1541  909 1587 1469]
[ 426 1517   40 1660]
[1906 2102 1313   -1]
[1864  472  350 1771]
[1302  397 1355 1297]
[ 365  939 1483  317]
[ 989  317 1483  971]
[1339 1192 1352 1323]
[ 478 1511 1639  286]
[1327 1250 1359  914]
[1666 1388 1334 1679]
[ 876 1357 1386  738]
[1487  391 1485 1372]
[1457 1458  443  328]
[1510 1522 1382 1501]
[1655 1521 1333 1846]
[1476 1488  898 1287]
[1132 1519 1587  909]
[1431 1408 1404 1305]
[1279 1342 1464 1244]
[1650 1270 1388 1666]
[1304 1266 1319 1262]
[1536 1342 1171 1245]
[ 789 1602 1608  385]
[1436 1283 1502 1360]
[1410 1406 1632 1693]
[1407 1345  921 1341]
[ 316 1601 1619  372]
[ 270 1298 1319  328]
[ 220 2042 1940 2302]
[263 841 421 922]
[1412 1543 1249 1209]
[1527 2206 1448  399]
[ 628 1237 1411  790]
[ 263  875 1501 1362]
[ 738 1386 1251  469]
[1304  273 1437 1266]
[ 810 1519 1421 1052]
[1405 1383 1359 1250]
[ 677 1718 1453  851]
[1368 1306 1322 1358]
[ 644  349 1562  420]
[1310  292 1446   -1]
[ 862 1309 1690 1721]
[1589 1395 1498  327]
[1098 1498 1395  541]
[1103  401 1993  180]
[1393 1392 1639 1511]
[ 418 2273 1731 1482]
[2056 2181 1042  364]
[1320 1475  227 1412]
[1740  260 1678  191]
[ 729 1595 1409  686]
[1417 1411  822 1415]
[ 435 1323 1507  417]
[1423 1632 1406 1233]
[1366 1473 1347 1315]
[1386 1027 1439 1251]
[1004 1111 1403 1373]
[1374 1426  319 1568]
[1292 1001 1473 1366]
[1400 1518 1522 1510]
[1373 1738  395 1004]
[1381  406 1401 1417]
[1486 1379 1290 1398]
[1582 1422 1516 1558]
[1214  482 1318 1308]
[ 884  804 2264 1401]
[1846 1333 1999 1793]
[1853  790 1411 1401]
[ 773 1447 1493 1326]
[ 862 1721 1774  967]
[1261 1463  712 1335]
[1385  376  187 1118]
[1578 1632 1423 1413]
[1178 1516 1422 1403]
[1544 1100  681 1528]
[1830 2101 1885   43]
[ 717 1407 1341  343]
[1566 1950 2168  318]
[  -1  389 2173  122]
[1141 2248 1253  357]
[ 415  424 2015 1470]
[1366 1441 1330 1292]
[1042 2181 1677   -1]
[  88   -1 1313    5]
[1468 1593 1747 1744]
[1552 1190  337  894]
[1714 1819 1372 1485]
[ 785 1301 1384  345]
[1762 2258 1523 1728]
[1405 1038 1292 1330]
[2143 1917 2120 1451]
[ 692 1431 1305  623]
[1656 1628 1472  301]
[1293 1467  400 1271]
[2117 1799 1445 1778]
[1444 1753 1468 1744]
[2054   -1 1390 2305]
[ 830 1509 1418  754]
[ 399 1380 1914 1219]
[ 176 2122 2259   90]
[ 449 1752 1961 1331]
[ 276 1440 1933 1554]
[ 904 1312  289  247]
[1387 1651 1745 1115]
[  28 2322 1884   -1]
[ 260  259 2065 1627]
[1558 1516 1009 1229]
[1301 1548 1361 1340]
[1465 1361 1548 1462]
[ 286 1639  212  752]
[1151  349 1579  846]
[2062  225 1746 2072]
[ 826 1458 1124 1490]
[1326 1493  705 1420]
[1536 1559 1276 1367]
[1916 1481 1458  826]
[ 844 1328 1583  835]
[ 362 1480  340 1443]
[1561 1490 1434 1445]
[1613 1583 1328 1348]
[1320 1430 1610 1475]
[1332  138  866   -1]
[1442 1535 1517  396]
[1408  958 1205 1404]
[2327 2254 1955 2023]
[ 354 1398 1470 1526]
[1724 1545 1364 2260]
[ 635 1338  346  242]
[1582 1558 1503 1573]
[1307 1607 2215  425]
[1807  398 1467  448]
[1465 2210 1286  443]
[ 480 1396 1672 1547]
[ 971 1354 1353  910]
[ 637 1488 1652 1228]
[1360 1556  239 1436]
[1664 1543 1412  227]
[1360 1502 1553  545]
[ 676 1364 1545 1484]
[1122 1499 1187 1717]
[1462 1593 1468 1296]
[ 785 1549 1548 1301]
[1512 1715 1497  339]
[1418 1509  687 1463]
[ 276 1554 1525  348]
[ 819 1539 1565 1509]
[ 313 1506 1768 1630]
[ 343 1492 1684  717]
[1392 1393 1089 1036]
[ 417 1507 1489 1122]
[1911  131 1834   -1]
[1362 1382  857  840]
[1372  387 1524 1487]
[1629 1736 1478 1218]
[  16  545 1553  403]
[1990  433 1622 1734]
[1496  472 1556 1616]
[1187 1499 1402  397]
[ 731  186 1631  758]
[1495 1532 1493 1447]
[ 686 1409 1362  547]
[ 541 1395 1356  478]
[ 344 1591 1597 1492]
[1702 1679 1651 1584]
[1758 1115 1745 1563]
[ 436 1592  117 2009]
[1216 1456 1413 1423]
[ 396 1472 2153 1349]
[ 841 1409 1595 1529]
[1588 1365  376 1385]
[ 167 1132 1624  211]
[1302 1363 1187  397]
[ 263 1362 1409  841]
[1934 1682 1438 1956]
[1591 1553 1502 1597]
[ 279 1494   81   -1]
[1475 1610 1581 1321]
[ 323 1546 1987 1380]
[1424 1540 1530  722]
[ 636 1518 1530  831]
[1528 1531 1529 1595]
[ 831 1530 1540  974]
[ 687 1509 1565  690]
[1678 1538 1236  191]
[1343 1596 1822 1727]
[1682 1934 1472 1628]
[1370 1686 1559 1464]
[ 871  974 1540  681]
[ 431 1533 1602  789]
[ 982 1564 1580 1495]
[1531 1528  681 1537]
[1348 1328 1620  647]
[ 401 2202    7 2165]
[1486 1690 1309 1379]
[ 894  337 1424  722]
[1719 1652 1488 1476]
[2214 2242 1527  323]
[ 785 1482 1282 1549]
[1458 1457 1491 1124]
[1124 1491 1547 1282]
[1924 1755  100   -1]
[1255 1673  633  269]
[ 874 1562 1435  877]
[ 403 1504 1487 1524]
[  81 1494 1451 2053]
[1601 2135 1674 1600]
[ 467 1506 1485  391]
[1182 2032 1661   -1]
[1478 1413 1456 1218]
[1464 1536 1659 1285]
[  44   -1   83 1878]
[1468 1753 1646 1296]
[1552 1116 1389 1190]
[1761 1062 1767 1514]
[ 934 1594 1539  982]
[1495 1580  667 1532]
[2226 2171 1427  367]
[1700   -1 1697   33]
[ 325  179 1345 1407]
[1628 1652 1719 1682]
[1798  322 1684 1706]
[2012   -1  135 1815]
[ 9 35 -1 -1]
[1699 1478 1736  114]
[ 432 1635 1767 1062]
[1970    4 1663   -1]
[ 199 1766 1868 1947]
[1713  297 1743 1617]
[1582 1693 1632 1422]
[1460 1299 1649  828]
[1539 1594  881 1565]
[1599 1526 2078 2100]
[1478 1699 1578 1413]
[1241  778 1466 1469]
[ 519 1513 1718  595]
[1286 2210 1607 1307]
[ 934 1603 1625 1594]
[1365 1588 1613 1348]
[ 765 1587 1519  810]
[ 193  212 1639 1392]
[1277  351  633 1606]
[1524 1512 2201 1915]
[1823   30 1515 1284]
[1124 1282 1434 1490]
[1586 1609 1580 1564]
[ 722 1530 1518 1400]
[ 459 1611 1832 1534]
[1512 1524  387 1715]
[1852 1798 1706 1283]
[1321 1581 1640 1317]
[1555 1674 2021 1619]
[2233 1555 1375  316]
[1538 1678 1638 1371]
[1091 1633 1586 1081]
[  -1   21  149 2039]
[  -1 2244 2093 2002]
[ 455 1590 1673  384]
[1746 1479 1585 2072]
[1371 1638 2291 1937]
[ 881 1594 1625  896]
[2015 2078 1526 1470]
[ 506 1838 1596  948]
[ 801 1729   15 2163]
[1241 1469 1587  765]
[ 358 1991 1629  452]
[1087 1923 2327 2239]
[ 467  299 1768 1506]
[2100 1894 1577 1640]
[1705 1796  137 1696]
[1375 1600 1752  449]
[1541 1649 1299  600]
[1080 1648 1633 1091]
[1640 1743 1505 1317]
[ 175 2174   82   -1]
[ 762 1631 1520 1133]
[1586 1633 1051 1609]
[  80  111 2215 1746]
[1678 1455 1871 1638]
[1442 1656 1569 1535]
[ 452 1614 2106 1503]
[1496 2256 1952 2228]
[1624  944 1508  211]
[1422 1578 1373 1403]
[1621 1641 1625 1603]
[ 369 1779  188  302]
[1574  432 2278 1773]
[ 186 1716  714  613]
[1270 1650 1648 1080]
[1602 1627 1742 1608]
[1356 1395 1589 1459]
[1743 1622 1599 1617]
[1051 1633 1648  997]
[ 168  166 1703  171]
[2034 2268  135   -1]
[2151  714 1716 1739]
[2145 1076   -1 2240]
[1561 1848 2071 1207]
[2086 2055 2198   -1]
[1637 1658 1641 1621]
[1579 1620 1328  844]
[1637 1368 1683 1671]
[1513 1733 1453 1718]
[1484 1545 1569 1656]
[1740 1846 1793 1831]
[1782   -1 2282 2218]
[1363 1712 1717 1187]
[1228 1652 1628 1442]
[ 438  372 1763 1837]
[ 997 1648 1671 1020]
[1559 1686 2212 1222]
[1349   40   93  990]
[1557   43 1885   -1]
[1705 1769 1336 1796]
[1575    8 1833   -1]
[1710 1690 1486  356]
[2224   25 1787 2134]
[1358 1695 1683 1368]
[ 969 1774  188 1804]
[  13 2312  485  588]
[1864 1841 1820 1714]
[ 194 2337   52  185]
[1650 1683 1071 1658]
[1731 1747 1282 1482]
[1551 1866  656 1606]
[1765 2017 1600 1555]
[1764 1798 1852 1781]
[2228   26 1827  313]
[1432 2286 1875   -1]
[1533 1399 1627 1602]
[1733 1513 1695 1358]
[ 380 1863 2300 1974]
[2090   24 1828 1302]
[1535 1569 1728 1523]
[1666 1687 1671 1650]
[1497 1715 1570  334]
[1779  645 1804  188]
[1245 2149 1659 1536]
[1071 1683 1695  820]
[1762 1810 1837 1763]
[ 215 1787   25  309]
[1664 1710 1391 1543]
[   9 2229 2238 1880]
[1737 1716  186  731]
[1373 1578 1699 1738]
[  83   24 2090 1878]
[1679 1702 1687 1666]
[1738 1843 1618 1963]
[1929 2127 1567   -1]
[2088 1910 1860   50]
[1573 1797 1693 1582]
[1567 2341   21   -1]
[2085 2136  549   58]
[ 820 1695 1513  519]
[ 171 1642 1704 2280]
[2186 1703  102   60]
[1769 1662 1618 1843]
[1570 1715  387 1598]
[2263 2205  284  197]
[ 241 1847   79   60]
[   6 2066  207  258]
[ 302 1721 1690 1664]
[  95 1023 1814 2293]
[ 191 1655 1846 1740]
[ 298 1577 1791 1748]
[ 239 1669 1819 1436]
[1597 1706 1684 1492]
[1644 1636 1692 1737]
[1236 1489 1655  191]
[1387  677 1584 1651]
[1724 1728 1569 1545]
[ 409 2200 1850  154]
[1391 1710 1722 1419]
[ 302  188 1774 1721]
[145  68 254  -1]
[1962 1794 1719 1476]
[ 284   96 2290  151]
[ 398 1807   59 1803]
[1024  161 1534 1817]
[1682 1719 1794 1438]
[  18 1612 1268 1273]
[ 442 1830   43  470]
[1959 1756 1672 1396]
[ 295 2234 2064  299]
[1679 1334 1745 1651]
[1505 1743  297  144]
[1977 1881  103   -1]
[2106 1786 1573 1503]
[ 689 1739 1716 1692]
[1410 1693 1797 1696]
[1644 1737  767 1996]
[1399 1712 1653 1145]
[2112 1999   48 2104]
[2288   74 2291 1638]
[1622 1640 1577 1734]
[1434 1747 1778 1445]
[1453 1733 1761 1514]
[1607 1461 1626 2215]
[1744 1434 1672 1756]
[2167 1713 1775 2007]
[ 174  303 2337  194]
[ 689 1842  116 2073]
[ 311  180 1993  250]
[1619 2021 2058 1450]
[1799 1848 1561 1445]
[1957 2004 1799 2117]
[2061 2036 1550   23]
[1731 2155 1778 1747]
[1807 2111   31   59]
[ 996 1514 1767  995]
[1935 1783 2298  566]
[1972 2044 1829   -1]
[ 515 1563 1745 1334]
[1438 1794 1688 1331]
[1331 1688 1657  449]
[ 293  342 1798 1675]
[2339 2207 1674 2135]
[1771 1576 1841 1864]
[1574 1770 1758 1563]
[1496 1616 2064 2256]
[2134 1787 1662 1705]
[ 995 1767 1773  893]
[ 312 1868 1766 1351]
[ 318 2168   63  281]
[1635 1994  893 1770]
[1722 1667  973 1419]
[1748 1791 1860 1910]
[  47 1941 1889  282]
[  -1 1925 2308 1869]
[1744 1756 1986 1444]
[1685 1634  335  314]
[  -1    3 2332 1901]
[ 293 1675 1792  219]
[1654 2122  176   -1]
[  78 2203 1759  382]
[ 278 1951 2208 2040]
[ 192  181 1979  195]
[1736 2106 2043 2087]
[1336 1769 1665 1689]
[ 165 1789 1969 1979]
[  44 1788   20   -1]
[ 331 2251   66 2301]
[2249 1775 1713 1894]
[1781 1852  206  296]
[2194 2069 1653 1416]
[1810 1762 1728 1724]
[ 171 2280 2294 2000]
[ 129 1891 1618 1662]
[ 114 1843 1738 1699]
[1675 1764 1570 1598]
[1754 1824 1753 1444]
[2130  394 2079 2172]
[ 536 1955 2254   -1]
[1963  137 2056  126]
[2052 1726 2238 1881]
[1685  161 1024 1667]
[ 416 1995 2148   -1]
[1938 1925   -1 2048]
[1480 2311 1757 1726]
[ 347 1954   31 2111]
[ 292 2158 2028 1922]
[1882 1688 1794 1962]
[1844 2096   51 2195]
[ 224   25 2224 1851]
[1013   47 1988 2209]
[ 458 2253 1711  430]
[2187 1968 2217 1571]
[ 290   18 2116  456]
[ 978 1727 1822  713]
[1913 2042 2000 2294]
[1436 1714 1820 1283]
[ 206 1852 1819 1669]
[1898 2310 2017 2250]
[1534 1832  713 1817]
[1222 2212 1938 1592]
[1858 1848 1799 2004]
[ 148 2324 2007 2113]
[ 146 2222 1975   -1]
[2024  350 1676  164]
[1681   48 1999 1333]
[1760  218 1893   -1]
[1425 1730  405 2216]
[1931 1145 1653 2069]
[1596 1838  821 1822]
[1663 2307 1900   -1]
[1500 1836 1897   -1]
[ 771 2125  157  905]
[ 127 1932 1834  131]
[1688 1882  109 1657]
[ 116 1842 1832 1611]
[2045   45 2094  481]
[ 299 2119 2160  295]
[ 206 1669 1766  199]
[ 758 1838 1750  731]
[1705 1696 1797 2277]
[1811 2267 2032 1182]
[ 416   -1 2012  164]
[1416 1653 1712 1363]
[ 199 1947 1708  266]
[1646 1753 1824 1928]
[1197   54 2026 1186]
[2187 2268 2186 1720]
[1812   69 2152   94]
[1820 1792 1675 1598]
[ 575 1417 2264  157]
[2290 2035 1955  536]
[ 117 2048   -1 1901]
[2208 2309 1926 2070]
[  41 2245  370 2115]
[1928 1824 2265   84]
[2177 2320 2180   -1]
[1775 2249   50 1698]
[ 240 2220 1862  258]
[1920 2137   38 1861]
[ 966 2166 1680  903]
[1351 1766 1669  239]
[ 169    4 2105 2046]
[1255 2154   12 1673]
[ 409 1947 1868  321]
[ 321 1867 1576 1771]
[  -1 1777 1939 2006]
[ 878   27 2036 2061]
[1627 2065  133 2288]
[2130 2047 2067 1294]
[1952 2109 2148 1995]
[ 126 2056  364  190]
[1677    6 2076   -1]
[ 276   93   40 2143]
[ 267 2319  190  364]
[1560 1694 1902   46]
[2089   34 2103  208]
[1691   59   31   35]
[1803 2229 1735 2027]
[  57 1837 1810 2317]
[2067 2047 1998 1087]
[  -1 1454 2283 2244]
[1661 1425 2077   -1]
[1970   -1 2095 2033]
[ 184   51 2096   -1]
[2160 2119  545   16]
[2121 1776 2232   19]
[  64   89 2189   -1]
[ 137 1796 2313 2150]
[2196 2112 2104   -1]
[ 576   -1 1829 2295]
[1617 2100   97 1791]
[ 698 2115   54 1197]
[2314 2039  149 2225]
[1946   -1 1834 1932]
[  71 1821 2175   -1]
[  -1   20 2176  287]
[1833 2302 1940   -1]
[  -1 1780   39 1855]
[ 384 1878 2090  455]
[ 378   49 2081  388]
[2309 1951 2287   37]
[ 280 2167 2146   89]
[  76   63 1350   -1]
[2071 2123 1248  217]
[  28 2330 2303 2322]
[2051 1914 2133   36]
[2113 2007 1775 1698]
[1500   -1  183  140]
[ 625 1948 1927 2185]
[2034   -1 2131 1818]
[1966 1909 1989 1448]
[1591 2201   68  403]
[ 392   98 2210 1465]
[1440 2143 1934 1956]
[2054   17 2177   -1]
[ 162 2214  311    5]
[1862 2220  285 1045]
[2219  218 2164  552]
[ 352 2243 1809  170]
[1998   -1 2018 1615]
[1550   -1  254   23]
[  -1 1806 2318 1777]
[1856 2141   -1  150]
[1944 1912 2183  964]
[   1 1984 1848 1858]
[1697   -1 2159 2133]
[2214 2171 1978 2242]
[1831   62 2287 1951]
[1897 1836  919 2022]
[1451 2120 2058 2053]
[1523 1917 2153 1535]
[ 382 1759 2199  110]
[2139 2306  610 2098]
[1608 2291 2303  385]
[1823 2318 1806   30]
[1869 2308 2107   14]
[2131   -1 1900 1377]
[  -1 2232 1776  189]
[ 128  370 2245   -1]
[ 530 2205 2126  581]
[ 932 2237 2185 1927]
[  -1 2257 2329 2108]
[1897 2192 2178   -1]
[  79 1847 1576 1867]
[  91 2281 2183 1912]
[   2  358 2270 2114]
[2171 2214  162 1427]
[1931 1904 1784  278]
[ 119 1873 2228 1630]
[2255 2060 1980   -1]
[  -1  304 1808  152]
[1109 1474 1801 1854]
[1917 1523 2258 1961]
[ 121 2060 2004 1754]
[ 553 2298 2099  588]
[1731 2273  140 2155]
[  -1 2110 1964  150]
[1956 2258 1450 2120]
[1724 2260 2317 1810]
[ 137 1802  395 1696]
[1960 2110 2057 2070]
[1170 2140 2197  361]
[2133 1914 2206 2127]
[2132  139 2016   -1]
[2200  321 2024 1815]
[  46   12 1788   44]
[1886 2275 1575   -1]
[2118  107 2321   53]
[1760   -1 2245   41]
[2333 2337  303 2257]
[1680   61 2311  291]
[1826 2184 2252   -1]
[ 220 2302 2307  169]
[1735   -1 2180 2027]
[ 149   21 2341 1930]
[  12 2154 1785 1788]
[1953 2014 2169   -1]
[  68 2201   23  254]
[ 358 2152   69 1991]
[2265   10 2049   84]
[2123 2071 1928    1]
[2144 2233 2289  203]
[1778 2155 2221 2117]
[1527 2242   33 2206]
[ 948 2081 1813  506]
[1914 2051 2202 1219]
[1505  144 2230 1257]
[1982 2043 2106 1614]
[2021 2310 2053 2058]
[1751 1394 2025 2075]
[2278 2114 2270 1773]
[2228 1873 1805   26]
[2151 1739 2188 2192]
[ 157 2125 2219  575]
[1883 2240   -1 1923]
[2194 1416 1828 1741]
[1818  294  156 1795]
[2063 2124   -1 2097]
[2003 2128   -1 1605]
[ 133 2170 2002 2093]
[1754 1957 2265 1824]
[2189 2179 2292   -1]
[2068 2261 1869   14]
[1748 1910 1825 2304]
[2296  119 1337 2080]
[1515   39 2278  432]
[2175 2207 2274   -1]
[ 415 1269   53 2321]
[1571 2217 1845   -1]
[  99 2289 2233  316]
[2169 1980 2060  121]
[1430   86   67 1610]
[ 172   -1 1967   22]
[2250 1821 2021 1674]
[2254 2327 1923   -1]
[ 134   -1 2297 2296]
[309  25 224  75]
[1600 2017 1992 1752]
[2151 2192 1932  919]
[ 368 2239 1474 1109]
[1827 2217 1968  312]
[ 359 2033 2075 1993]
[1183 1849   58  549]
[1977 2180 2320 1881]
[ 170 1809 2059  921]
[  32 2222 2234  295]
[2190 2116   18 1273]
[2224 2134 2087 2043]
[  43 1557 1844 2267]
[2025 2193 2275 1886]
[1913 2294 1643   -1]
[1109 1854 2129 1073]
[ 100 1755 1870  112]
[ 245   57 2317  106]
[1163 2136 2118   53]
[  -1 1604 1896 2314]
[1784  120 2065  259]
[2122   50 2249 2259]
[ 294 1818 2131 1377]
[  69 2031 1786 1991]
[2164  218 1760   41]
[ 704   66 2251 1839]
[1865 2105 2089  234]
[2145 2240 1883 1872]
[  -1 1855   30 1806]
[  -1 2284 2334 1983]
[ 295 2160   77 2091]
[ 104 1989 1909   70]
[1803 2320 2191  398]
[1933 1992 2310 1554]
[1918   -1 1446 2140]
[2289   99 2198 1647]
[1397 1874 1802 2150]
[  29 2138  120 1964]
[1933 2120 1752 1992]
[  27  155 2028 2158]
[2014 1953  124 1957]
[ 339 1870 1755  344]
[1461   98 2173  389]
[2262 2335 2001 2188]
[1732 1337 2256 1768]
[1455 2040 2138 1871]
[1709 2286 2161  129]
[1095 1872 1883 1072]
[2006   95 2162 2261]
[1793 2194   62 1831]
[ 120 1856  150 1964]
[1646 1984 1907 2271]
[2210   98 1461 1607]
[1750 2121   19 2262]
[  97 2100 2078  315]
[1993 2025 2095  250]
[1875   38 2137   -1]
[ 999   -1 1885 2101]
[  67 2074 1581 1610]
[2082 2279 1800 1155]
[2008 1337 2326  134]
[1092 1903 2209 1988]
[2215  111 2079  425]
[2148 2109 2297   -1]
[2185  138 1332  625]
[1175 2118 2136 1701]
[ 203 2289 1647   -1]
[1786 2031 2277  114]
[2328 2231 2113 1698]
[   7 1879 2046 2165]
[1297 1902 1694 1681]
[2050   77 2236   32]
[ 504  190 2319 2216]
[2288 2003 1605   74]
[1839  110 2199  497]
[1295 2075 1886   -1]
[1182   -1 1887 1811]
[2001   -1 2178 2338]
[1137 2163 2247 1936]
[1958 2203   42   13]
[1581 2074 1894 1617]
[2077 1425 2216 2319]
[1350   63 2168 2142]
[ 208 1879 2329  303]
[ 330   -1 1892 1741]
[2193 2165 2046 1865]
[1629 1991 1786 1736]
[1000 1939 2149 1245]
[1945   34  104   70]
[2296 2083 1873  119]
[  -1   85 1964 1960]
[1808 1757 2311   61]
[  62 2194 1741 1892]
[1910 2088  123 1825]
[1994 2332    3 1949]
[1857  370 1895  516]
[1816 2030   51  184]
[1444 1986  121 1754]
[1971 2038 2085  216]
[ 391 1888 1840  467]
[2058 1933 1440 1961]
[1889 2073  116  282]
[1782 2218 2041 1449]
[1984 2336 2266 1907]
[  -1 2001 2335 1300]
[1997 1835  576 2295]
[ 926 1943 2157 1064]
[  33 1697 1966 2206]
[  -1 2002 2170   29]
[2035 2290   96  508]
[1325 1800 2145 1872]
[1940 2042 1913   -1]
[1967   -1 2147 2276]
[1929 2159 1909 1966]
[1665 1769 2277 2031]
[2233 2144 1765 1555]
[1701 2085 2038 1083]
[1045   -1 2076 1862]
[ 133 2065 2057 2170]
[2331 1936 2247  101]
[  17 2054 2305 1965]
[  -1 1926 2309   37]
[1313 2102  162    5]
[1876 2153 1917 1440]
[1985  147 2339 2135]
[2047 2130 2172 1645]
[2179 2189   89 1905]
[2198 2276 2132   -1]
[1805 1873 2083   -1]
[2107 2308 2212 1686]
[1891 2313 2181 2056]
[1644 1996 2022  477]
[1851 1982  142   -1]
[  40 1517 1934 2143]
[ 195 1979 1866 1255]
[1959 2211 1986 1756]
[2340 2315 1253 2248]
[2126 2205 2263 2253]
[ 112 2059 1809  292]
[  36 2133 1929   -1]
[1840 1888 2223 2050]
[2181 2313 2066 2286]
[ 381 2068 2293 2263]
[1612 2204 2098 1117]
[ 494 1921 2044  543]
[1542 2089 2105  359]
[ 385 2303 2300 1863]
[1748 2304 1905  298]
[1427  162 2102 1772]
[ 177   -1 1980 2014]
[  29 2128 2003 2138]
[1566 2226 1930 1950]
[2279 1076 2145 1800]
[2062 2316  217 1428]
[1623  175 2340  136]
[1898 2250 2010   -1]
[ 287 1899  165  209]
[1918 2227 1859   -1]
[1946 2338 2097   -1]
[2325 2005 2146 2304]
[1859 2027 1977   -1]
[2150 2161 1432 1397]
[  75 2314 2225  464]
[2264  804 1927 1948]
[2222   32 2252 1975]
[1944 2312 2084 1912]
[ 154 1850 2280 1704]
[1850 2200 1815  135]
[2063 2338 1996  767]
[2005   -1 1890 2146]
[2195   51 2030 1108]
[ 340 2052 2227 1170]
[2338 1946 2022 1996]
[2105 2275 2033  359]
[1999 2112 2069 1793]
[2190  492 2267 1811]
[2269 2287   62 1892]
[ 352 1965 2305 2243]
[1647 2055 2147   -1]
[ 718 2094 1935  566]
[1968 2187 1720  409]
[ 344 1981 1915 1591]
[1219 1989  104 1542]
[ 753 2099 2298 1783]
[  15 1224 2247 2163]
[ 105 1707 2157 1943]
[1987 2127 1966 1380]
[2010 2250 1765 2339]
[ 120 1784 2309 1856]
[1048 1813 2081   49]
[1481 1916 2072 1585]
[2221 2155  140  183]
[1659 2149 2318 1823]
[ 990   93 2301  619]
[1546 1919 1950 1930]
[1479 1746 1626 2082]
[ 525 2092 2101 1830]
[ 164 2012 1815 2024]
[  50 2122 1654 2328]
[ 590 1997 2295 1921]
[ 281 1920 1861  265]
[ 121 1986 2211  177]
[2184 1826 2326 2029]
[ 320   77 2160   16]
[  69 1812 1665 2031]
[2226  367 2182 1896]
[2171 1566 2225  149]
[  17 2191 2320 2177]
[1630 1952 1995 1676]
[2238 1691  103 1881]
[ 136 2340 2248 1990]
[ 123 2088 2299   -1]
[1889 1941   -1 1300]
[1601 2013 1985 2135]
[2029 2326 1337 1732]
[2252   32 2236   -1]
[2235 2091 2272   -1]
[ 485 2312 1944  640]
[1691 2229 1803   59]
[ 720 1615 2327 2023]
[  -1 1998 2047 1645]
[2260 2246  106 2317]
[1930 2341 1987 1546]
[ 292 1922 2197 2305]
[  -1 1884   74 1605]
[1972   -1 1942 1857]
[2306 2331 2241 1287]
[2204 1177 2139 2098]
[1257 2230 2156 1429]
[1791   97 2041 1860]
[2207 2175 1821 2017]
[2045 1790 1159   45]
[1975 2184 2235   -1]
[1064 2157 2293 1814]
[2018   -1 1801 1474]
[  10  124 1953   -1]
[1768 2064  119 1630]
[2329 1945   -1 1973]
[1331 1961 1956 1438]
[1449 2041   97  315]
[1287 2241 1962 1476]
[ 381   -1 2006 2068]
[2073 2335 2063  767]
[2162 2293 2157 1707]
[1415 2183 2281 1853]
[ 124 1983 1858 2004]
[2123 2285   -1 1248]
[2195  470 2032 1844]
[2280 1850 1643 2294]
[2287 2196   -1   37]
[ 893 1994 1949  452]
[2071  217 2316 1207]
[ 320   -1 2236   77]
[1180  131 1959 1396]
[ 147   -1 2010 2339]
[   4 1970 2033 2193]
[2132 2147   99  125]
[ 114 2087 2134 1843]
[1635 2009 2332 1994]
[2172 2079  111  115]
[1703 2186 2268 1795]
[ 905  157 2264 1948]
[1654   -1 2299 2328]
[1884 2322 2291   74]
[2334 2049   -1 2285]
[  -1 2266 2336 2284]
[   6 1677 2161 2066]
[1931 2196 2269 1904]
[1871  133 2093 1742]
[2055 2086 1985 2013]
[1725 2129 1854  141]
[1742 2283 1937 1608]
[2005 2325 2323   -1]
[1711 2253 2263 2162]
[1795 2268 2034 1818]
[1893  218 2219 2125]
[2109 2008 2019 2297]
[2083 2296 2019   -1]
[1759 2203 1958  551]
[2231 2328 2282   -1]
[1680 2166 2330   61]
[1790   66 2213  300]
[1900 2307 1976 1377]
[2322 1908 2166 1937]
[2167 2007 2324 2179]
[2243 2197 2140 1446]
[1225 1936 2331 2246]
[1976 2302 1833    8]
[1777 2318 2149 1939]
[1904 2141 1856 2208]
[2053 1992 1821   71]
[ 448 1974 2111 1807]
[ 138 2185 2237 1668]
[ 129 2161 2150 1891]
[2039 1896 2182   65]
[2156 2340   49  378]
[ 392 2271 2173   98]
[1962 2241 2037 1882]
[2212 2308 1925 1938]
[ 999 2101 2092 1877]
[2027 1859 2227 2052]
[1971  132 2343 2011]
[1908 2303 2283 1454]
[2292 2325  130   -1]
[ 130 2325 2304 1825]
[2323 2292 2179 2324]
[2080 2234 2222  146]
[2018 1474 2239 1615]
[2282 2299 2088 2218]
[1945 2257 2103   34]
[ 347 2300 1908   28]
[2139  106 2246 2306]
[2278   39 1780 2114]
[  -1   52 2337 1973]
[2336   84 2049 2284]
[  19 2124 2063 2262]
[2334 2285 2123    1]
[1749 1973 2333 1670]
[2192 2188 2097 2178]
[2144 2274 2207 1765]
[2230 2174 2315 2156]
[1978 1700   33 2242]
[  73 2343  132  221]
[2321 2342   73  424]
