0.000000  0.000000
-0.151350  0.251969
-0.159457  0.503937
-0.087225  0.755906
0.002441  1.007874
0.058658  1.259843
0.074326  1.511811
0.052312  1.763780
-0.004516  2.015748
-0.083587  2.267717
-0.140133  2.519685
-0.122715  2.771654
0.023622  3.027489
0.275591  3.175238
0.527559  3.140496
0.779528  3.042901
1.031496  3.002014
1.283465  3.079783
1.535433  3.178990
1.787402  3.175158
2.028046  2.960630
2.133492  2.708661
2.136862  2.456693
2.074340  2.204724
1.982109  1.952756
1.896482  1.700787
1.854070  1.448819
1.891524  1.196850
2.055118  0.935257
2.307087  0.803963
2.559055  0.852232
2.811024  0.957457
3.062992  0.997655
3.314961  0.925919
3.566929  0.841155
3.818898  0.859023
4.053389  1.070866
4.142498  1.322835
4.120448  1.574803
4.047809  1.826772
3.984755  2.078740
3.963638  2.330709
3.971209  2.582677
3.989991  2.834646
4.002689  3.086614
4.002125  3.338583
3.996370  3.590551
3.994757  3.842520
4.006364  4.094488
4.028645  4.346457
4.042930  4.598425
4.029360  4.850394
3.969082  5.102362
3.880916  5.354331
3.831825  5.606299
3.891910  5.858268
4.110236  6.090692
4.362205  6.169596
4.614173  6.128827
4.866142  6.040946
5.118110  5.976856
5.370079  5.963010
5.622047  5.977628
5.874016  5.996516
6.125984  5.996487
6.377953  5.977553
6.629921  5.962922
6.881890  5.976811
7.133858  6.041017
7.385827  6.129042
7.637795  6.169873
7.889764  6.090838
8.107965  5.858268
8.168170  5.606299
8.119309  5.354331
8.031100  5.102362
7.970169  4.850394
7.955650  4.598425
7.969517  4.346457
7.992753  4.094488
8.007372  3.842520
8.009402  3.590551
8.004974  3.338583
8.000438  3.086614
8.001546  2.834646
8.006803  2.582677
8.009905  2.330709
8.004463  2.078740
7.985474  1.826772
7.962889  1.574803
7.955783  1.322835
7.983362  1.070866
8.059286  0.818898
8.143545  0.566929
8.166039  0.314961
8.056336  0.062992
7.811024  -0.131969
7.559055  -0.166816
7.307087  -0.104765
7.055118  -0.016041
6.803150  0.036210
6.551181  0.044421
6.299213  0.027281
6.047244  0.003630
5.795276  -0.009834
5.543307  -0.011638
5.291339  -0.006897
5.039370  -0.000753
4.787402  0.002340
4.535433  0.002351
4.283465  0.001000
4.031496  0.000012
3.779528  0.000724
3.527559  0.002200
3.275591  0.002684
3.023622  0.000417
2.771654  -0.005483
2.519685  -0.011246
2.267717  -0.011564
2.015748  -0.001130
1.763780  0.021960
1.511811  0.043185
1.259843  0.043073
1.007874  0.002149
0.755906  -0.085110
0.503937  -0.162944
0.251969  -0.158769
0.000000  0.000000
