[128, 2, 2341, 254]
[128, 1, 129, 3, 2392]
[129, 2, 130, 4, 2382]
[289, 130, 3, 131, 5]
[131, 132, 4, 6, 2164]
[132, 5, 133, 7, 2252]
[133, 134, 6, 8, 1500]
[134, 7, 135, 9, 272]
[135, 8, 136, 10, 2299]
[136, 9, 137, 11, 2267]
[137, 10, 138, 12, 319]
[1280, 138, 11, 139, 13]
[139, 140, 12, 14, 1392]
[15, 13]
[1474, 141, 142, 14, 16]
[142, 143, 302, 17, 15]
[1411, 143, 16, 144, 18]
[296, 144, 17, 145, 19]
[145, 18, 146, 20, 2394]
[21, 19]
[147, 148, 20, 22, 2363]
[1536, 148, 21, 149, 23]
[149, 150, 22, 24, 316]
[288, 2445, 23, 150, 151, 25]
[1611, 151, 24, 26, 152]
[153, 1492, 152, 25, 27]
[154, 1461, 153, 26, 28]
[1312, 155, 154, 27, 29]
[300, 28, 341, 155, 156, 30]
[2464, 1636, 157, 156, 29, 31]
[32, 1420, 157, 158, 317, 30]
[159, 33, 310, 158, 31]
[32, 160, 34, 1245, 159]
[160, 161, 33, 35, 308]
[1408, 161, 162, 34, 36]
[162, 35, 163, 37, 2291, 1497]
[163, 164, 36, 38, 303, 2359]
[164, 165, 37, 39, 429]
[165, 38, 166, 40, 2389]
[166, 167, 39, 41, 2247]
[290, 167, 40, 168, 42]
[168, 41, 169, 43, 336]
[169, 170, 42, 44, 2452, 255]
[170, 171, 43, 45, 1554]
[171, 172, 44, 46, 1516]
[260, 172, 45, 173, 47]
[173, 46, 174, 48, 2427]
[2283, 174, 175, 47, 49]
[175, 48, 2416, 50, 176]
[2148, 176, 49, 177, 51]
[1513, 177, 178, 50, 52]
[1571, 178, 51, 179, 53]
[179, 180, 52, 54, 283]
[1926, 180, 53, 181, 55]
[2436, 181, 54, 182, 56]
[55, 182, 183, 57, 2431]
[1073, 183, 56, 58, 184]
[337, 184, 185, 59, 57]
[58, 1542, 185, 186, 60]
[2249, 59, 186, 187, 61]
[60, 276, 187, 188, 62]
[2255, 189, 188, 61, 63]
[64, 2433, 62, 189, 190]
[65, 191, 2328, 190, 63]
[64, 192, 66, 1977, 191]
[192, 65, 193, 67, 262]
[193, 194, 66, 68, 325]
[194, 67, 195, 69, 1426]
[195, 196, 68, 70, 295]
[196, 197, 69, 71, 2271]
[197, 70, 198, 72, 2454]
[198, 71, 199, 73, 427]
[199, 72, 200, 74, 2353]
[200, 73, 201, 75, 2448]
[2241, 201, 74, 202, 76]
[1505, 202, 75, 203, 77]
[203, 204, 76, 78, 277]
[204, 205, 77, 79, 1779]
[205, 206, 78, 80, 1523]
[291, 206, 79, 207, 81]
[207, 80, 208, 82, 2268]
[2190, 208, 81, 209, 83]
[324, 209, 82, 210, 84]
[257, 210, 83, 211, 85]
[211, 212, 1749, 86, 84]
[212, 85, 213, 87, 2071]
[2154, 213, 214, 86, 88]
[2128, 214, 215, 87, 89]
[320, 215, 88, 90, 216]
[217, 266, 216, 89, 91]
[90, 1639, 217, 218, 92]
[219, 1427, 218, 91, 93]
[297, 92, 219, 220, 94]
[421, 93, 220, 221, 95]
[96, 1522, 94, 221, 222]
[97, 223, 2320, 222, 95]
[96, 224, 98, 2368, 223]
[224, 97, 225, 99, 2390]
[225, 98, 226, 100, 2289]
[226, 99, 227, 101, 1490]
[227, 100, 228, 102, 269]
[323, 228, 101, 229, 103]
[229, 261, 102, 104, 230]
[230, 103, 231, 105, 333]
[1920, 231, 104, 232, 106]
[2149, 232, 105, 233, 107]
[2307, 233, 234, 106, 108]
[1600, 234, 107, 235, 109]
[235, 108, 236, 110, 285]
[236, 109, 237, 111, 2096]
[2278, 237, 110, 238, 112]
[238, 239, 111, 113, 307]
[2248, 239, 112, 240, 114]
[1986, 240, 113, 241, 115]
[1550, 241, 114, 242, 116]
[304, 242, 115, 243, 117]
[243, 116, 244, 118, 2266]
[244, 117, 245, 119, 2142]
[2218, 245, 118, 246, 120]
[309, 246, 119, 121, 247]
[248, 2284, 247, 120, 122]
[249, 248, 121, 123, 1535]
[250, 278, 249, 122, 124]
[1545, 251, 250, 123, 125]
[252, 251, 124, 2205, 126]
[253, 252, 125, 318, 127]
[128, 254, 1498, 253, 126]
[129, 2, 1, 1308, 127]
[128, 321, 130, 2, 3]
[129, 3, 131, 4, 2453]
[130, 132, 5, 4, 1552]
[131, 5, 133, 6, 273]
[132, 134, 7, 6, 314]
[133, 135, 8, 7, 1455]
[134, 136, 9, 8, 2068]
[292, 135, 137, 10, 9]
[2305, 136, 138, 10, 11]
[137, 11, 139, 12, 2355]
[138, 140, 13, 12, 2195]
[1063, 139, 13, 141, 14]
[1063, 140, 14, 15, 142]
[141, 15, 16, 143, 2260]
[142, 144, 17, 16, 282, 1469]
[143, 145, 18, 17, 2422]
[144, 18, 146, 19, 1493]
[1445, 328, 145, 19, 147, 20]
[1445, 146, 20, 148, 21]
[334, 147, 21, 149, 22]
[148, 23, 22, 150, 2330]
[2258, 149, 23, 24, 151]
[2321, 150, 152, 24, 25]
[275, 151, 153, 26, 25]
[26, 152, 313, 154, 27]
[155, 279, 153, 27, 28]
[156, 2388, 154, 28, 29]
[157, 30, 155, 29, 2334]
[2435, 30, 156, 158, 31]
[32, 1539, 31, 157, 159]
[160, 33, 32, 2350, 158]
[161, 34, 33, 2163, 159]
[160, 162, 35, 34, 2443]
[161, 163, 36, 35, 312]
[162, 164, 37, 36, 1496]
[163, 37, 38, 165, 280]
[164, 38, 166, 39, 1423]
[165, 167, 40, 39, 263]
[166, 168, 41, 40, 2292]
[167, 169, 2250, 42, 41]
[168, 170, 43, 42, 2239]
[169, 331, 44, 171, 43]
[170, 172, 45, 44, 281]
[171, 45, 46, 173, 1526]
[172, 46, 174, 47, 1685]
[298, 173, 175, 48, 47]
[174, 176, 49, 48, 1914]
[259, 175, 177, 50, 49]
[322, 176, 178, 51, 50]
[268, 177, 179, 51, 52]
[1569, 178, 180, 53, 52]
[1485, 179, 53, 54, 181]
[301, 180, 55, 54, 182]
[181, 1237, 183, 56, 55]
[416, 2385, 182, 184, 57, 56]
[2386, 183, 185, 58, 57]
[58, 184, 2361, 186, 59]
[293, 59, 185, 187, 60]
[60, 1495, 186, 188, 61]
[2253, 189, 187, 61, 62]
[265, 190, 188, 62, 63]
[64, 1489, 63, 189, 191]
[192, 64, 65, 299, 190]
[65, 66, 193, 2412, 191]
[192, 194, 67, 66, 1586]
[193, 67, 68, 195, 1512, 270]
[194, 196, 69, 68, 1450]
[195, 69, 197, 70, 2426]
[196, 70, 198, 71, 338]
[197, 199, 72, 71, 2331]
[198, 200, 73, 72, 1484]
[199, 73, 201, 74, 335]
[200, 202, 75, 74, 1041]
[201, 75, 76, 203, 287]
[202, 76, 204, 77, 1434]
[203, 205, 77, 78, 1778]
[264, 204, 78, 206, 79]
[1608, 205, 207, 80, 79]
[206, 208, 81, 80, 2421]
[256, 207, 81, 82, 209]
[2244, 208, 210, 83, 82]
[209, 83, 84, 211, 1563]
[1777, 210, 212, 85, 84]
[211, 85, 213, 86, 284]
[332, 212, 214, 87, 86]
[258, 213, 87, 88, 215]
[1991, 214, 216, 89, 88]
[1527, 217, 215, 89, 90]
[90, 1640, 216, 218, 91]
[219, 274, 217, 91, 92]
[1504, 92, 218, 220, 93]
[2402, 221, 219, 93, 94]
[2446, 220, 222, 94, 95]
[96, 223, 340, 221, 95]
[224, 97, 96, 1424, 222]
[225, 98, 97, 326, 223]
[224, 226, 99, 98, 423]
[225, 99, 100, 227, 286]
[1440, 226, 100, 228, 101]
[227, 229, 101, 102, 1517]
[1988, 228, 102, 103, 230]
[229, 231, 104, 103, 2175]
[230, 232, 105, 104, 2316]
[231, 233, 106, 267, 105]
[232, 234, 107, 330, 106]
[233, 107, 108, 235, 271]
[234, 108, 236, 109, 1557]
[1638, 235, 109, 237, 110]
[236, 110, 238, 111, 305]
[2339, 237, 111, 112, 239]
[1665, 238, 240, 112, 113]
[327, 239, 241, 114, 113]
[240, 242, 115, 114, 315]
[1548, 241, 115, 243, 116]
[2314, 242, 116, 117, 244]
[243, 245, 117, 118, 311]
[329, 244, 119, 118, 246]
[2259, 245, 119, 120, 247]
[246, 2327, 248, 121, 120]
[121, 306, 247, 249, 122]
[1443, 122, 248, 250, 123]
[2279, 251, 249, 123, 124]
[294, 252, 250, 124, 125]
[2349, 125, 251, 253, 126]
[2419, 254, 252, 126, 127]
[1, 339, 253, 127]
[2239, 1689, 43, 1503]
[208, 2268, 2190, 1702]
[1777, 1563, 84, 1564]
[2128, 2154, 214, 2434]
[176, 2148, 1486, 2416]
[2288, 46, 1685, 1526]
[1988, 2175, 1990, 103]
[1586, 2412, 66, 1462]
[2408, 2389, 166, 2247]
[1523, 1524, 205, 1779]
[2369, 2433, 189, 2255]
[1640, 1530, 90, 1527]
[1920, 2457, 2149, 232]
[1513, 178, 1571, 1514]
[1440, 1572, 101, 1517, 1519]
[194, 1426, 2367]
[1600, 234, 2307, 2397]
[1540, 1541, 8, 1455, 2068]
[132, 2252, 2164, 2373]
[218, 1427, 1430, 1639]
[152, 2161, 1611, 1492]
[1501, 61, 2253, 1495]
[1434, 1778, 77, 2442]
[2313, 123, 1443, 2279]
[1312, 154, 1461, 1437]
[164, 429, 430, 2359]
[1554, 171, 1516, 2227]
[2465, 1411, 2300, 143]
[1485, 1569, 2298, 53]
[212, 1749, 1750, 2071]
[109, 1557, 1638, 1558]
[2289, 1490, 226, 1661]
[2241, 202, 1507, 1505]
[24, 2321, 2290, 2366]
[2400, 1552, 4, 2453]
[41, 2250, 2292, 2010]
[1608, 2325, 80, 2421]
[136, 2267, 1646, 2299]
[2432, 2249, 186, 1542]
[1545, 251, 2205, 1607]
[69, 1448, 1450, 1483, 2426]
[18, 2124, 1493, 2422]
[1504, 2402, 93, 2274]
[2427, 2285, 174, 2283]
[2328, 1977, 191, 2167]
[2388, 29, 342]
[2296, 2436, 181, 1926]
[16, 2260, 1469, 1470]
[1496, 1465, 1466, 37]
[2314, 1548, 116, 1549]
[2096, 237, 2181, 2278]
[248, 2347, 2284, 1535]
[112, 1665, 2403, 2339]
[34, 2163, 2443, 2399]
[120, 2259, 1533, 2327]
[32, 1539, 2350, 2039]
[2266, 244, 2142, 1663]
[1408, 162, 2291, 2398]
[153, 2315, 1492, 1461]
[1500, 1467, 2252, 133]
[241, 1986, 1550, 1551]
[2257, 2258, 2330, 23]
[2322, 2435, 2318, 31]
[2419, 2262, 2349, 126]
[2355, 2305, 11, 2089]
[89, 1527, 1529, 1991]
[2392, 129, 2272, 2382]
[1513, 2346, 177, 2148]
[1520, 1988, 1517, 102]
[83, 1563, 2244, 2470]
[1512, 1586, 67, 2276]
[2368, 224, 2213, 2192, 2390]
[240, 1986, 2243, 2248]
[146, 2394, 1446]
[1706, 2218, 245, 2142]
[233, 2307, 2149, 2222]
[170, 1554, 2452, 2380]
[2153, 2154, 213, 2071]
[104, 2371, 2316, 2175]
[1488, 1536, 2363, 148]
[2448, 2353, 2317, 200]
[2250, 42, 2469, 2239]
[2361, 2386, 58, 2202]
[2411, 197, 2454, 2271]
[1498, 2341, 254, 2407]
[2320, 1522, 2132, 222]
[342, 29, 2334, 343]
[344, 1538, 300, 341]
[344, 394, 1547, 341]
[342, 343, 2104, 345, 346]
[344, 1538, 347, 1101]
[344, 1537, 347]
[1562, 345, 346, 348, 349]
[1537, 347, 396, 350]
[352, 347, 350]
[2236, 349, 351, 348]
[352, 385, 353, 1582, 350]
[354, 399, 1562, 349, 351]
[354, 356, 351]
[352, 353, 355, 1585]
[354, 2203, 356, 357]
[2208, 353, 355, 1582]
[1585, 355, 358, 359]
[360, 2203, 357, 2191]
[360, 386, 1628, 357]
[361, 364, 358, 359]
[360, 2002, 1628, 362]
[361, 363, 364, 365]
[2002, 362, 366, 367]
[1634, 360, 362, 2186, 2191]
[1634, 387, 366, 362]
[368, 2042, 363, 365]
[368, 410, 363]
[369, 371, 366, 367]
[368, 1153, 410, 370]
[369, 371, 372, 2031]
[368, 2042, 2108, 370]
[370, 2108, 373, 375]
[390, 372, 374, 2031]
[376, 1676, 373, 375]
[1737, 374, 372, 1598]
[377, 374, 2076, 390]
[376, 378, 379, 1676]
[377, 380, 2076]
[377, 1682, 380, 381]
[384, 378, 379, 383]
[379, 2109, 382, 383]
[400, 1682, 381, 391]
[2170, 380, 381, 2140]
[2170, 2091, 380, 2076]
[1584, 2235, 2236, 351]
[1585, 359, 2119]
[388, 2042, 2026, 365]
[2090, 387, 389, 1634]
[393, 2026, 388, 398]
[2040, 373, 376, 1653]
[392, 425, 2109, 382]
[1632, 400, 424, 391]
[2090, 389, 397, 1039]
[2104, 395, 1036, 343]
[1037, 1547, 1053, 394]
[1491, 2236, 2221, 348]
[393, 1635, 420, 398]
[426, 1085, 389, 397]
[2064, 1585, 1612, 352]
[392, 401, 1331, 382]
[400, 417, 402, 1632]
[401, 1331, 403, 404]
[417, 402, 405]
[2008, 402, 405, 406]
[403, 404, 1654, 407, 408]
[411, 404, 1710, 407]
[409, 422, 405, 406]
[1097, 409, 405]
[408, 2058, 414, 407]
[369, 2002, 367, 1154]
[2008, 412, 413, 406]
[1417, 419, 411, 1710]
[1353, 411, 419, 1623]
[2256, 1097, 409, 415]
[2058, 418, 1282, 414]
[2431, 2189, 2342, 183]
[2240, 401, 403, 1654]
[2256, 428, 2261, 415]
[1096, 412, 413, 1095]
[1249, 426, 397]
[2137, 2402, 2446, 94]
[2058, 1647, 1710, 407]
[225, 2213, 2289, 2390, 1659]
[392, 425, 1064, 1293]
[424, 1065, 1219, 391]
[1244, 1315, 420, 398]
[72, 2273, 2331, 1484]
[1473, 418, 1282, 2194]
[280, 431, 38, 1423]
[280, 2150, 936, 431]
[429, 430, 432, 433, 2456]
[434, 2150, 431]
[434, 435, 1031, 431]
[523, 432, 433, 436, 1721]
[433, 436, 708, 1910]
[434, 435, 437, 1799]
[436, 708, 438, 1895]
[440, 439, 437, 1799]
[441, 438, 1895]
[520, 441, 1805, 438]
[2049, 519, 439, 440, 442]
[441, 443, 444, 1805]
[2049, 442, 445]
[442, 445, 446, 1743]
[2171, 444, 443, 447]
[1746, 444, 518, 447]
[448, 450, 445, 446]
[449, 2171, 2166, 447]
[448, 1833, 450, 451]
[449, 1746, 1748, 447]
[449, 452, 453, 1748, 469]
[1833, 451, 454, 718]
[1827, 454, 451]
[453, 452, 1901, 455]
[456, 698, 1827, 454]
[457, 1901, 509, 455]
[456, 458, 698, 1796]
[1890, 457, 459, 460, 509]
[458, 1796, 476, 461]
[720, 458, 461]
[459, 460, 462, 463, 1813]
[464, 1836, 461, 720]
[464, 465, 461, 694]
[466, 462, 502, 463]
[1769, 466, 463]
[464, 465, 1811, 467]
[1769, 466, 468, 470]
[471, 1811, 467, 707]
[1642, 1827, 2036, 451]
[472, 483, 467, 471]
[473, 468, 1829, 470]
[473, 474, 1826, 470]
[472, 498, 475, 471]
[696, 475, 477, 472]
[473, 474, 1851, 478]
[1813, 459, 1797, 1798]
[474, 478, 1782, 479]
[480, 475, 716, 477]
[480, 481, 497, 1787, 477]
[482, 479, 478, 1855]
[482, 699, 479]
[480, 481, 484, 486]
[1769, 1826, 1771, 470]
[482, 699, 485, 702]
[484, 1831, 486, 487]
[485, 482, 717, 1855]
[488, 1873, 717, 485]
[1905, 1831, 489, 487]
[488, 490, 491, 492, 1873]
[1905, 1923, 489, 2103]
[489, 1923, 493, 494]
[1144, 489, 493, 495]
[496, 1856, 492, 491]
[1856, 2105, 491, 1956]
[496, 1794, 499, 492]
[495, 500, 493, 701]
[1921, 1782, 479]
[2056, 473, 1851, 1829]
[504, 500, 501, 495]
[496, 503, 1859, 499]
[505, 499, 1845, 503]
[464, 2113, 1811, 1836]
[506, 507, 500, 501]
[1794, 499, 1845, 1606]
[706, 506, 501]
[2121, 503, 505, 508, 510]
[2120, 2121, 1859, 503]
[511, 706, 506, 1967]
[456, 458, 2147, 2138]
[506, 2029, 511]
[512, 514, 508, 510]
[513, 516, 2029, 511]
[512, 514, 515, 1860]
[513, 1995, 1967, 511]
[513, 516, 517, 1869]
[512, 2122, 515, 2123]
[521, 515, 1860, 1909]
[546, 547, 446, 1743]
[2176, 441, 2185, 1895]
[440, 1806, 1799]
[517, 522, 524, 1869, 727]
[521, 1909, 525]
[434, 1722, 2150, 2134]
[1992, 521, 1082, 525]
[522, 524, 526, 527, 528]
[1909, 529, 907, 525]
[529, 530, 525, 1983]
[1992, 530, 531, 525]
[1320, 1325, 526, 527]
[528, 1651, 532, 527]
[528, 2050, 532, 533]
[531, 530, 538, 535]
[531, 2059, 534, 535]
[536, 537, 2050, 533]
[724, 539, 532, 533]
[2080, 2059, 540, 534]
[1972, 540, 541, 534]
[1651, 539, 532, 815]
[2016, 545, 535, 728, 538]
[536, 537, 794, 1010]
[1650, 537, 794, 542, 543]
[544, 1610, 1972, 541]
[544, 1938, 541, 743]
[967, 932, 542, 543]
[539, 820, 815]
[1746, 548, 518, 1127]
[1732, 895, 518, 548]
[546, 547, 549, 2030]
[1732, 548, 550, 551]
[552, 549, 1765, 2030]
[1704, 553, 552, 549]
[550, 551, 554, 555, 556]
[1728, 1729, 1732, 551]
[552, 689, 1704]
[552, 689, 1713, 557]
[552, 557, 1765, 693]
[654, 555, 556, 558]
[560, 693, 557, 559]
[561, 654, 558]
[561, 562, 558, 2023]
[560, 1970, 563, 559]
[560, 563, 564, 2063]
[561, 562, 1955, 565]
[562, 565, 566, 655]
[563, 564, 606, 567]
[568, 564, 1788, 567]
[566, 569, 565, 1758]
[569, 1786, 570, 566]
[568, 1964, 580, 567]
[568, 571, 580, 1715]
[570, 908, 1786, 572]
[1715, 571, 573, 1790]
[574, 908, 1854, 572]
[576, 573, 1790, 575]
[574, 577, 1854]
[577, 578, 586, 574]
[576, 579, 592, 575]
[576, 579, 581, 1935]
[577, 578, 1858, 582]
[923, 602, 569, 570, 603]
[578, 595, 1621, 582]
[705, 579, 581, 1863, 583]
[584, 1649, 595, 582]
[585, 583, 2078, 1863]
[584, 587, 1987, 591]
[576, 1945, 1790, 1935]
[585, 588, 589, 2078]
[1987, 587, 590]
[648, 593, 587, 590]
[594, 588, 589, 1975]
[585, 1996, 1993, 1863]
[577, 1858, 2033, 1854]
[1666, 594, 589, 1630]
[590, 593, 596, 597, 598]
[1592, 1620, 581, 583]
[594, 1957, 1918, 1975]
[594, 1957, 599]
[600, 1666, 594, 599]
[601, 597, 609, 598]
[601, 604, 598, 2065]
[600, 605, 1928, 599]
[649, 1708, 1964, 580]
[649, 1922, 580]
[600, 663, 605, 607]
[608, 610, 601, 1883, 604]
[1955, 565, 1758, 1679]
[1768, 608, 604, 1767]
[611, 612, 605, 607]
[1928, 1957, 1894, 599]
[611, 916, 605]
[608, 610, 613, 711]
[608, 1768, 613, 614]
[612, 611, 1892, 615]
[697, 1795, 612, 615]
[616, 618, 613, 614]
[617, 1892, 1365, 615]
[616, 618, 771, 2079]
[1795, 615, 617, 619, 620]
[618, 621, 2079]
[1889, 618, 621, 721, 700]
[624, 619, 620, 622]
[2082, 623, 621, 2079]
[624, 625, 622, 1878]
[1889, 1874, 621, 623]
[1874, 628, 626, 623]
[625, 1690, 627, 1878]
[626, 628, 630, 2087]
[1705, 627, 629, 625]
[632, 1867, 628, 630]
[1792, 627, 629, 631]
[632, 634, 1866, 630]
[712, 633, 629, 631]
[632, 634, 635, 709]
[633, 636, 710, 631]
[633, 636, 637, 1871]
[634, 635, 910, 1879]
[640, 635, 638, 1879]
[1872, 637, 1871, 639]
[640, 641, 638, 1959]
[1843, 643, 637, 639]
[642, 643, 2062, 639]
[2168, 641, 2155, 1959]
[640, 641, 644, 647]
[1904, 643, 645, 2062]
[2201, 651, 644, 646]
[1904, 652, 645, 1759]
[1904, 1843, 643, 1952]
[1900, 589, 1630, 2078]
[673, 650, 603, 602]
[656, 657, 1922, 649]
[664, 652, 645, 653]
[665, 666, 651, 646]
[2201, 2210, 651, 2206]
[557, 559, 1713, 1970, 1848]
[564, 2060, 1788, 2063]
[673, 650, 676, 2057]
[2057, 650, 2130, 658]
[657, 1922, 659, 660]
[658, 2130, 661]
[672, 684, 658, 1619, 661]
[2024, 659, 660, 662]
[674, 2130, 661, 2143]
[2065, 1930, 604, 1767]
[665, 2210, 651, 2038]
[664, 667, 652, 2216]
[652, 667, 1740, 1759]
[1832, 665, 666, 668, 670]
[667, 1740, 725, 669]
[668, 1885, 670, 671]
[681, 667, 669, 695]
[681, 683, 669]
[2024, 660, 685]
[677, 649, 1804, 1708, 656]
[2024, 675, 662, 735]
[680, 674, 678, 2143]
[656, 786, 677, 1014]
[896, 673, 787, 676]
[679, 675, 2430, 735]
[680, 730, 1680, 678]
[2209, 675, 2172, 679]
[682, 1789, 670, 671]
[776, 681, 683, 2133]
[682, 2131, 1885, 671]
[1932, 660, 685, 686]
[672, 684, 1960, 687]
[993, 684, 687]
[803, 685, 686, 1742, 688]
[744, 745, 993, 687]
[690, 555, 1948, 554]
[1704, 689, 691, 1917]
[736, 690, 692, 1948]
[738, 691, 1917, 739]
[2072, 556, 558, 2023]
[1769, 1772, 1813, 463]
[1832, 2219, 1789, 670]
[1784, 474, 1826, 1782]
[1736, 2046, 1768, 614]
[457, 1643, 1828, 455]
[481, 1787, 484, 703]
[722, 1795, 620]
[496, 1856, 2115, 1859]
[704, 703, 484, 1831]
[1752, 1086, 699, 702]
[1086, 1891, 702, 1087]
[2009, 1858, 2017, 582]
[505, 508, 1845, 1846]
[468, 2084, 1829, 2102]
[435, 2196, 437, 2187]
[712, 713, 633, 1871]
[1866, 910, 634, 1791]
[1892, 611, 916, 917]
[632, 714, 1867, 709]
[714, 715, 709, 1966]
[784, 713, 1837, 712]
[713, 1931, 719, 784, 733]
[1851, 1998, 478, 1855]
[1683, 1141, 486, 487]
[2152, 2162, 452, 1901]
[715, 734, 1966, 1999]
[1890, 460, 462, 2127]
[1961, 722, 723, 620]
[1736, 809, 721, 700, 894]
[721, 810, 998, 809]
[728, 729, 2059, 535]
[668, 1885, 726, 1884]
[1740, 772, 725, 1764]
[521, 1082, 1566, 2047]
[1652, 539, 724, 731]
[2025, 731, 724, 1383]
[2430, 949, 742, 679]
[728, 729, 732, 1028]
[792, 2025, 731, 791]
[715, 734, 926]
[1898, 719, 1013, 758, 733]
[1616, 674, 678, 2343]
[737, 738, 691, 1719]
[736, 1948, 789, 1143]
[736, 937, 692, 740]
[740, 692, 741, 1134]
[1714, 738, 746, 739]
[746, 739, 1927]
[1680, 730, 946, 775]
[932, 941, 543]
[688, 938, 1742, 782]
[688, 1738, 782, 922]
[741, 747, 740, 965]
[746, 748, 750, 1927]
[749, 747, 965, 1709]
[752, 748, 750]
[1962, 747, 749, 751]
[752, 753, 2019, 750]
[749, 754, 1709, 751]
[754, 751, 774, 2151]
[804, 752, 753, 755, 756]
[754, 757, 2151, 2215]
[2264, 754, 2211, 757]
[756, 755, 788, 780]
[761, 2035, 734, 759]
[760, 1898, 1102, 758]
[761, 2085, 1103, 759]
[760, 762, 2075, 758]
[761, 2035, 765, 763]
[1148, 762, 764, 1637]
[763, 765, 766, 767]
[768, 762, 2075, 764]
[768, 769, 2066, 764]
[769, 770, 764, 1637]
[797, 766, 796, 765, 798]
[801, 1322, 766, 767]
[1984, 801, 778, 767]
[1672, 617, 1365, 1671]
[1884, 773, 726, 927]
[928, 929, 1764, 772]
[753, 2019, 2117, 2126]
[2098, 795, 949, 742]
[777, 682, 1789, 943]
[776, 2136, 2133, 942]
[770, 779, 1084, 1637]
[1984, 1025, 778, 1023]
[757, 811, 2211, 781]
[780, 788, 812]
[744, 745, 1766, 783]
[807, 808, 782, 1941, 922]
[785, 714, 715, 1151]
[784, 1837, 805, 806]
[787, 676, 1877, 1015]
[897, 786, 677, 1030]
[2215, 2377, 781, 757, 2139]
[1136, 737, 790, 1719]
[960, 1997, 789, 1143]
[2074, 1035, 732, 1028]
[800, 793, 2074, 732]
[792, 2025, 962, 1382]
[1066, 1011, 540, 541]
[1657, 946, 939, 775]
[2304, 768, 2075, 2311]
[768, 799, 2311]
[768, 2169, 2066, 799]
[802, 966, 798, 797, 1022]
[792, 945, 962, 1029]
[2000, 769, 770, 1323]
[2169, 1060, 1061, 799]
[2336, 1960, 687]
[2264, 754, 1709, 2295]
[785, 1003, 2165, 1151]
[785, 1003, 1974, 1129]
[1766, 1217, 950, 783]
[951, 950, 1902, 783]
[1776, 722, 723, 934]
[1776, 1281, 723, 999]
[961, 1575, 780, 813, 812]
[811, 2139, 781, 814]
[1573, 811, 947, 814]
[948, 813, 1068, 812]
[816, 545, 538, 1712]
[817, 2015, 820, 815]
[816, 818, 819, 1712]
[817, 821, 1070, 2015]
[817, 821, 822, 1711]
[2016, 545, 2106, 816]
[818, 819, 1691, 1071]
[819, 1691, 823, 887]
[824, 825, 822, 1711]
[826, 887, 823]
[1321, 1587, 823, 826, 827]
[1698, 824, 825, 828, 829]
[1840, 825, 1971, 828]
[826, 827, 830, 831]
[1978, 826, 830]
[832, 1849, 828, 829]
[832, 1971, 828, 1958]
[833, 835, 1834, 830, 831]
[832, 1849, 834, 884]
[833, 835, 836, 870]
[832, 834, 837, 874]
[1744, 834, 837, 839]
[835, 1924, 838, 836]
[841, 1847, 837, 839]
[836, 838, 840, 1841, 1916]
[841, 843, 839]
[840, 842, 838, 871]
[849, 841, 843, 844]
[840, 1841, 842, 845]
[1802, 842, 845, 846]
[868, 843, 844, 847, 1915]
[848, 844, 1838, 847]
[902, 845, 846, 1807]
[850, 851, 846, 1807]
[872, 842, 1802, 871]
[848, 1838, 1870, 1703]
[848, 862, 852, 1870]
[1761, 851, 853, 1807]
[854, 852, 862, 1903]
[1761, 869, 853, 855]
[856, 857, 854, 1903]
[1762, 869, 858, 855]
[859, 858, 875, 855]
[856, 857, 883, 860]
[857, 1906, 860, 861]
[858, 859, 1163, 1979]
[864, 859, 1979, 863]
[1810, 851, 1700, 853]
[1370, 861, 1906, 879]
[865, 2003, 861, 879]
[864, 866, 1979, 878]
[865, 882, 867, 2003]
[880, 881, 866, 878]
[905, 845, 902, 903]
[856, 1907, 1876, 854]
[1744, 834, 884, 885]
[849, 841, 873, 1847]
[849, 876, 1830, 873]
[871, 872, 1897, 909, 886]
[1834, 835, 1924, 1933]
[857, 1906, 1850, 1903]
[872, 890, 877, 886]
[1000, 891, 876, 1830]
[865, 2034, 867, 1982]
[1968, 864, 1852, 863]
[888, 882, 867]
[867, 888, 889, 892, 1982]
[880, 866, 2027, 1693]
[858, 1163, 1164, 1762]
[833, 893, 870, 1943]
[1128, 940, 893, 870]
[968, 873, 876, 1844]
[824, 1698, 2028, 822]
[880, 881, 1016, 1017, 1693]
[944, 881, 1016]
[891, 1139, 876, 1844]
[1001, 890, 1004, 877]
[944, 881, 1169, 1055]
[884, 963, 964, 885]
[722, 934, 1862]
[1743, 547, 1806, 1911]
[897, 898, 1804, 677]
[896, 787, 1908, 899]
[896, 1745, 899, 1142]
[1072, 897, 898, 900]
[1745, 899, 924, 901]
[1912, 1072, 900, 925]
[904, 1339, 868, 847]
[904, 906, 868, 1741]
[1340, 1341, 902, 903]
[906, 1915, 868, 1349]
[905, 995, 997, 903]
[1320, 1364, 526]
[2048, 571, 573, 2043]
[968, 873, 1355, 1357]
[636, 1925, 710, 911]
[912, 914, 910, 1791]
[913, 915, 1925, 911]
[912, 1008, 914, 1868]
[913, 1138, 1009, 911]
[912, 1145, 1347, 1868]
[610, 1883, 918, 711]
[1929, 711, 918, 919]
[916, 917, 1366, 920, 1853]
[920, 969, 921, 917]
[970, 971, 918, 919]
[1929, 1667, 1668, 919]
[745, 2083, 2093, 783]
[1922, 1715, 580, 1717]
[1115, 900, 1699, 925]
[2177, 2004, 901, 924]
[2281, 1898, 1931, 733]
[928, 1800, 931, 772]
[1377, 930, 773, 927]
[1937, 930, 1985, 773]
[928, 929, 1378, 1944]
[1147, 1884, 1214, 927]
[544, 1012, 933, 743]
[1032, 1707, 932, 941]
[809, 1314, 894, 935]
[1862, 934, 1080, 1081, 1116]
[1475, 430, 2310, 2359]
[1697, 1714, 738, 1719]
[744, 2409, 2254, 1766]
[1027, 1252, 1254, 2098, 795]
[1300, 963, 1980, 885]
[1938, 933, 1302, 743]
[777, 2178, 1287, 943]
[776, 2230, 942, 1286]
[1056, 889, 1803, 892]
[800, 2074, 2160, 2159]
[2193, 1658, 795, 742]
[1018, 813, 948, 1069]
[947, 1588, 814, 1019]
[2179, 775, 1616, 2324, 730]
[952, 808, 2282, 807]
[952, 954, 808]
[953, 2381, 950, 951]
[1774, 952, 954, 955, 956]
[953, 1117, 1902, 951]
[953, 1117, 957]
[1248, 953, 957, 958]
[955, 956, 1934, 959]
[1754, 956, 959]
[1896, 1042, 1044, 957, 958]
[1160, 1137, 1136, 790]
[1576, 2297, 2211, 811]
[800, 793, 1394, 2182]
[1913, 940, 893, 1335]
[1336, 1943, 893, 1335]
[1409, 746, 748, 1714, 1150]
[2425, 2156, 799, 2311]
[544, 1610, 1083, 1012]
[994, 1842, 909, 886]
[1668, 970, 2012, 919]
[920, 969, 1113, 972]
[920, 973, 972, 1853]
[970, 971, 974, 1887]
[971, 1812, 974, 975]
[976, 972, 973, 1111]
[976, 1140, 973, 1814]
[977, 1886, 974, 975]
[992, 976, 978, 979, 1814]
[977, 980, 1886]
[977, 1819, 980, 981]
[1110, 978, 979, 982]
[1002, 979, 982]
[980, 981, 983, 984, 1882]
[985, 1002, 982, 1822]
[1104, 985, 1893, 982]
[984, 986, 1005, 983]
[1105, 987, 985, 1893]
[1825, 986, 988, 1005]
[1105, 987, 989, 1899]
[1825, 1106, 988, 990]
[1880, 989, 1006, 991]
[1106, 1107, 1108, 990]
[977, 1819, 1815]
[1738, 1739, 1932, 686, 688]
[968, 1844, 1332, 1100]
[906, 1692, 996, 1349]
[1936, 997, 995, 1301]
[906, 996, 1741, 1391]
[1976, 1961, 723, 999]
[1352, 1306, 810, 998]
[1001, 877, 1350, 1119]
[1000, 891, 1120, 1839]
[981, 983, 1819, 1820, 1821]
[806, 1525, 805, 2286]
[1809, 891, 1139, 1839]
[1824, 985, 987, 1822, 1823]
[1825, 1172, 990, 1007]
[1880, 1170, 1006, 1919]
[1184, 1009, 913, 1114]
[1008, 2097, 914, 1380]
[2080, 2114, 1011, 540]
[1067, 1010, 794, 2174]
[1579, 932, 1707, 967]
[1633, 2035, 734, 1999]
[2057, 1234, 676, 1015]
[786, 1283, 1235, 1014]
[888, 889, 1803, 1243]
[888, 2041, 1243, 2045]
[1578, 1019, 947]
[1020, 948, 1018, 1052, 1021]
[1664, 1033, 1578, 1019]
[1033, 1034, 1019, 1674]
[1400, 2156, 1060, 799]
[1024, 779, 1084, 1246]
[1025, 1641, 1677, 1023]
[1112, 1024, 1026, 779]
[1025, 1076, 1077, 1677]
[1657, 939, 1253]
[731, 1652, 791, 1367]
[800, 1394, 1395, 2159]
[787, 1908, 2357, 1877]
[2456, 433, 2197, 1910]
[1372, 933, 1302, 2141]
[1307, 1020, 1021, 1262]
[1419, 1021, 1262, 1263]
[791, 1399, 1398, 1367]
[394, 1037, 1309, 1038]
[395, 1036, 1054, 1532]
[2104, 1036, 1397]
[1058, 1635, 393, 1040, 1467]
[1185, 2090, 1059, 1039]
[2448, 201, 2241, 2317]
[1754, 1043, 1755, 959]
[1042, 1756, 1044, 1046]
[1043, 1324, 1045, 959]
[1835, 1044, 1046, 1047]
[1048, 1043, 1292, 1045]
[1048, 1881, 1045]
[1049, 2413, 1046, 1047]
[1048, 1881, 1050, 1051]
[1049, 2364, 2413, 1750]
[1049, 1092, 2364, 1094]
[1674, 1588, 2358, 1497, 1019]
[1074, 395, 1054, 1439]
[1053, 1075, 1037, 1062]
[1056, 2010, 892, 1295]
[944, 1057, 1460, 1055]
[1056, 1458, 1803, 1459]
[2001, 1059, 1468, 1039]
[1040, 1186, 1187, 1058]
[802, 1299, 1629, 1022]
[2112, 802, 1299]
[1532, 1533, 1054, 1543]
[1473, 1474, 140, 141, 1392]
[424, 1065, 2461]
[1064, 425, 1220, 2183]
[794, 1067, 1501, 1650]
[1242, 1011, 1066, 2468]
[814, 2139, 1588, 2406]
[1577, 1578, 947, 1573]
[818, 1515, 1514, 1071]
[1969, 2309, 821, 1070]
[899, 1908, 901, 2462]
[2385, 2386, 57]
[1075, 1636, 1053, 1390]
[1074, 1435, 1054, 1543]
[1112, 2449, 1026, 1389]
[1026, 1675, 1389, 1078]
[1098, 1077, 1677, 1079]
[1099, 1675, 1078]
[1753, 1314, 1404, 935]
[1753, 1373, 935]
[1568, 727, 524, 1567]
[967, 1579, 2053, 1567]
[778, 1023, 1596, 1247]
[398, 2026, 1315, 1318]
[704, 1599, 1135, 703]
[1088, 1089, 1135, 704]
[1090, 1891, 1354, 1087]
[1793, 1090, 1091, 1087]
[1088, 1089, 2100, 2101]
[1089, 1146, 1379, 2100]
[1881, 1051, 1093, 1613]
[1328, 1329, 1092, 1094]
[1051, 2459, 1093, 2054]
[2424, 1417, 1418, 419]
[2424, 2352, 419, 1623]
[408, 1654, 2428, 414]
[1313, 1258, 1099, 1078]
[1720, 1098, 1259, 1079]
[1842, 994, 1627]
[2184, 345, 1562]
[1480, 759, 1103]
[760, 2415, 1102, 1479]
[984, 1882, 1798]
[986, 988, 1797, 1828]
[1642, 1899, 989, 991]
[1642, 2036, 1109, 991]
[1880, 1109, 1152, 991]
[1107, 1108, 1181, 1327]
[1882, 980, 1886, 1772]
[1886, 1771, 974, 1887]
[1984, 1025, 1076, 2437]
[1784, 970, 2012, 1887]
[1008, 2105, 1380, 1381]
[1745, 924, 1149, 1679]
[935, 1373, 2046, 2055]
[1900, 1934, 954, 955, 1118]
[1326, 1593, 1117, 1902]
[1120, 1000, 1703]
[1121, 1122, 1001, 1808, 1119]
[1120, 1179, 1839]
[1864, 1123, 1179, 1120]
[1808, 1810, 1124, 1122]
[1864, 1123, 1125, 1126]
[1130, 1810, 1124, 1700]
[1130, 1131, 1124, 1182]
[546, 1747, 1644, 2030]
[1744, 1980, 1692, 885]
[1705, 1363, 1837, 806]
[1850, 1132, 1125, 1126]
[1888, 1126, 1132, 1133, 1183]
[1130, 1131, 1981, 1950]
[1950, 1131, 1227]
[1730, 739, 1917, 1927]
[1793, 1667, 1086, 1087]
[960, 1444, 789, 1695]
[960, 1444, 1733, 1735]
[2097, 914, 2095, 1791]
[1865, 890, 1371, 1004]
[1818, 1812, 975]
[1942, 717, 1998, 1855]
[898, 1804, 1757]
[1848, 737, 1994, 790]
[1873, 1794, 1627, 492]
[1346, 915, 1348, 1925]
[1793, 2082, 1091, 1374]
[1800, 1801, 931, 1213]
[1633, 2035, 1596, 763]
[1994, 1115, 1699, 1351]
[1416, 965, 1709]
[784, 1931, 805, 2335]
[1108, 1173, 1181, 1375]
[369, 1154, 1155, 2031]
[1153, 410, 1156, 2005]
[2040, 1153, 1156, 1157]
[1656, 1161, 1154, 1155]
[1155, 1158, 1319, 1159, 1656]
[2040, 1653, 1157, 1174]
[2161, 1157, 1174, 1175]
[1733, 2004, 1997, 960]
[1162, 1156, 2005, 2119]
[1656, 1161, 1218, 2125]
[2034, 883, 860, 1165]
[883, 1165, 1166, 1763]
[1168, 1163, 1164, 1376]
[1688, 1164, 1168, 1167]
[2217, 1763, 1403, 1166]
[1386, 1165, 1166, 1503]
[892, 1982, 2092, 1295]
[2033, 1171, 1172, 1007]
[2048, 1170, 2043, 1919]
[1824, 1170, 2021, 1006]
[1152, 1880, 2060, 1919]
[1176, 2091, 1158, 1159]
[1176, 1177, 2277, 1159]
[1178, 1605, 1174, 1175]
[1175, 1402, 1178, 1415]
[2232, 1177, 1176, 2223]
[1121, 1122, 1180, 2084]
[1809, 2067, 1179, 1839]
[1152, 1644, 2052, 1109]
[1888, 2113, 1864, 1126]
[1131, 2116, 1227, 2127]
[1008, 2105, 1956, 1868]
[1040, 1186, 1947, 2173]
[1185, 1059, 1188, 1189]
[1059, 1188, 1481, 2001, 1202]
[2073, 1186, 1187, 1190]
[1186, 1947, 1190, 1191]
[1192, 1193, 1188, 1189]
[1192, 1251, 1189, 2022]
[1194, 1195, 1190, 1191]
[2073, 1194, 1190, 1206]
[1192, 1193, 1196, 2070]
[1192, 2070, 2022, 2007]
[1194, 1595, 1197, 1206]
[1199, 1196, 1198, 2070]
[1201, 1595, 1197]
[1200, 1201, 1203, 1197]
[1207, 1205, 2070, 1199]
[2145, 1198, 1199, 1204, 1305]
[2073, 1482, 1187]
[2145, 1205, 1285, 1199]
[1201, 1442, 1595, 1284]
[1607, 1200, 1203, 1236, 1208]
[1193, 1196, 2332, 2037]
[1208, 1209, 2006, 1200]
[2225, 1210, 1205, 1207]
[1210, 1211, 1212, 1207]
[1208, 1209, 1316, 1414]
[2233, 1209, 1316, 1317]
[1209, 2233, 2237, 2006]
[2122, 1147, 2123, 1214]
[931, 1939, 1213, 1215]
[1216, 2123, 1214, 2047]
[1579, 1939, 2053, 1215]
[2282, 1530, 807, 2423]
[1162, 1311, 1310, 2119]
[425, 2109, 1220, 1221]
[1219, 1222, 1065, 2124, 1294]
[1219, 1222, 1223, 1624, 2140]
[1224, 1220, 1221, 2238]
[1224, 1226, 1221]
[1225, 2340, 1222, 1223]
[1224, 1289, 1226, 1594]
[1624, 1225, 1290, 1223]
[2129, 1228, 1133, 1183]
[1968, 1227, 1229, 1950]
[2129, 2138, 1228, 1230]
[1968, 1852, 1229, 1231]
[1232, 2138, 2147, 1230]
[1233, 2027, 1852, 1231]
[1232, 2147, 2044, 1238]
[1385, 1235, 2172, 1014]
[2441, 1234, 1255, 1015]
[2405, 1285, 1205]
[2342, 2436, 182, 2431]
[2152, 1233, 2162, 1239]
[1240, 2041, 2044, 1238]
[1241, 2162, 2166, 1239]
[1240, 2041, 1384, 2045]
[2200, 1330, 1067, 2174]
[1016, 2185, 1250, 1017]
[1249, 426, 1540, 1670]
[33, 2374, 2350, 2163, 2039]
[1641, 1247, 2206, 1023]
[1387, 1084, 1597, 1246]
[1754, 956, 2228, 1774]
[2440, 420, 1635, 1244]
[1803, 2196, 1243, 2187]
[2208, 2214, 1191, 1393, 1947]
[1425, 939, 2132, 1253]
[1296, 2387, 1027, 1252]
[1425, 2099, 939]
[1256, 2209, 1235, 2172]
[1257, 2441, 2294, 1255]
[1256, 2209, 2242, 2193]
[1098, 1259, 2219, 2038]
[2224, 1258, 1099, 1260]
[1720, 1259, 1261, 1463]
[1260, 2224, 2226, 1462, 2230]
[1264, 1033, 1034, 2243]
[1264, 1265, 1034, 2077]
[2401, 2351, 1262, 1263]
[2401, 1266, 2348, 1263]
[1265, 1267, 1502, 2111]
[2401, 1452, 1266, 1268, 1269]
[1267, 1270, 2111]
[1267, 1453, 1270, 2199]
[1268, 1269, 1271, 1272, 1273]
[1457, 1421, 1270, 2111]
[1274, 1421, 1270]
[1274, 1275, 1270, 2199]
[1272, 1273, 2020, 1276]
[1273, 1298, 1276]
[1275, 1297, 1274, 2011, 1277]
[1298, 1276, 1278, 1279]
[2354, 2011, 1277, 1447]
[2354, 1277, 1662, 1663]
[2089, 2355, 12, 2195]
[1306, 810, 1702]
[2088, 2089, 428, 415]
[2441, 1015, 1877, 2463]
[1305, 1204, 1441, 2212]
[2393, 1546, 1203, 1236]
[1412, 1287, 1288, 943, 2167]
[2180, 1413, 942, 1286]
[2302, 2226, 2230, 1286]
[2257, 1290, 1225]
[1289, 1226, 1291, 1304, 2204]
[1624, 1290, 2232, 2223]
[2153, 1756, 2413, 1046]
[1632, 2418, 2461, 424]
[1220, 2238, 2455]
[2144, 1169, 2269, 1055]
[1253, 2213, 2192, 1657, 1659]
[2020, 1276, 2372]
[2263, 2199, 1275, 1277, 1662]
[2384, 1060, 1061, 1448]
[1913, 940, 2285, 1686]
[2288, 996, 1333, 1391]
[2338, 1032, 941, 1422, 1303]
[1946, 2018, 1302, 1938]
[2257, 2258, 1290, 2290]
[2393, 1201, 1284, 2407]
[1456, 1281, 2325, 999]
[2248, 1033, 2243, 1664]
[2272, 2341, 2392, 128]
[1036, 1397, 1438, 1532]
[2265, 1218, 2125]
[2265, 1218, 2362, 2146]
[2184, 28, 279, 2388]
[2210, 1098, 1677, 2038]
[1776, 1080, 2356, 934]
[426, 1581, 1085, 1670]
[2313, 1210, 1211, 1405]
[1211, 2235, 1405]
[1581, 1085, 1598, 1591]
[2161, 2315, 1492, 1157]
[1321, 907, 529, 1587]
[1840, 825, 1320, 1364]
[2169, 2066, 1323, 769]
[2112, 801, 1322, 2438]
[1603, 1896, 1835, 1044, 1631]
[1712, 529, 1587, 1983]
[1592, 1900, 1118, 2078]
[1747, 1644, 1109, 2036]
[1626, 1093, 1613]
[1626, 1093, 1694, 2054]
[2432, 2249, 1242, 2468]
[1737, 400, 1682, 402, 2008]
[1865, 994, 1627, 1942]
[1936, 1686, 1301, 1334]
[2288, 1684, 1333, 1685]
[1914, 963, 964, 2303]
[1337, 1338, 964, 2303]
[1336, 1978, 2014, 1943]
[1336, 2014, 1486, 1487]
[1761, 1340, 902, 1807]
[904, 1339, 1876, 1342]
[904, 1741, 1342, 1343]
[1344, 2337, 1340, 1341]
[2337, 2227, 1341, 1701]
[1345, 1907, 1876, 1342]
[1344, 1681, 2447, 2337]
[1145, 1937, 1347]
[1944, 1346, 2107, 915]
[1985, 1937, 1940, 1145]
[905, 995, 1916, 1841]
[1000, 1838, 1830, 1703]
[1149, 1955, 2013, 1679]
[1976, 2325, 2286, 999]
[1737, 1581, 2008, 413, 1598]
[1088, 1905, 2101, 2103]
[1924, 1897, 1356, 1933, 909]
[1355, 1357, 1359]
[1606, 1356, 909, 1358, 1842]
[1360, 1602, 1357, 1359]
[1361, 1356, 1933, 1358]
[1590, 1361, 1846, 1358]
[1958, 1359, 1360, 1362, 1949]
[1369, 1361, 1963, 1590]
[1129, 1874, 1965, 1974]
[1860, 1321, 1963, 907, 1909]
[616, 1929, 771, 1667]
[1883, 918, 1951]
[1368, 1035, 2444, 1028]
[2298, 2379, 1652, 1367]
[1840, 1362, 1971, 1958]
[1968, 1981, 1950, 863]
[2032, 1809, 1673, 1139]
[2136, 1032, 1707, 2180]
[1081, 1388, 2054, 1116]
[1146, 1379, 1878, 1690]
[1152, 2052, 2060, 2063]
[1386, 2092, 2034, 1165]
[928, 1800, 1378, 2118]
[1377, 930, 2115, 2110]
[2097, 1091, 1374, 2095]
[1009, 1114, 2100, 2101]
[1114, 1923, 2101, 2103]
[793, 2114, 2182]
[2080, 729, 2114, 2059]
[2176, 1241, 2171, 2166]
[2057, 1234, 2130, 2143]
[1168, 2144, 1376, 2319]
[2168, 2201, 2206, 1247]
[2344, 1753, 1373, 2231]
[2345, 1076, 1077, 2367]
[2322, 1435, 1074]
[1301, 2396, 997, 1701]
[2360, 2195, 13, 1063]
[2186, 1251, 2203, 2191]
[2200, 2329, 962, 1029]
[2329, 2202, 1396, 1029]
[1395, 2270, 2159]
[2347, 1309, 1454, 1038]
[2296, 1035, 2444, 1926]
[2246, 1035, 2160, 2296, 2074]
[2245, 1401, 1629, 1022]
[1400, 2156, 2157, 2158]
[1177, 2366, 2223]
[1688, 2380, 1167]
[1080, 2244, 2356, 2470]
[1316, 1317, 2301, 1406, 1407]
[2235, 2236, 1405, 2221]
[2376, 1405, 2221]
[312, 35, 2443, 2348]
[1416, 1410, 2397, 965]
[1521, 1714, 1697, 1409]
[17, 282, 2461, 2422]
[1489, 2451, 1413, 1286]
[2369, 1412, 2141, 1287]
[2313, 1210, 2225, 2279]
[2321, 1177, 2277, 2366]
[1601, 2458, 1409, 1150]
[1645, 412, 2365, 1095]
[2068, 2365, 1095]
[1674, 1034, 2077, 2398]
[1539, 2372, 2318, 31]
[2020, 2374, 2039, 1271, 1272]
[1946, 1302, 2255]
[2456, 2389, 165, 429]
[2320, 2368, 2192, 223]
[2137, 2450, 1252, 1254]
[1450, 1451, 68, 270]
[1504, 274, 1428, 92]
[1427, 1429, 1430, 1431]
[1432, 1433, 1504, 1428]
[1617, 1618, 274, 1428]
[1614, 1615, 1617, 1428, 1432]
[1616, 2324, 1429, 1431]
[2179, 2324, 2429, 1429]
[1505, 1510, 203, 277, 2460]
[1447, 1390, 2354, 1075, 1436]
[1435, 1543, 2293, 2229]
[2184, 2265, 2362, 279]
[2347, 2284, 1309, 2287]
[2464, 1547, 1636, 1053]
[1490, 227, 269, 2294]
[2272, 1442, 1284, 1478, 2382]
[2400, 1441, 1204, 2332]
[249, 2301, 278, 1535]
[1696, 1137, 1136, 2375]
[1446, 1488, 146, 147, 2363]
[328, 1544, 2340, 1445]
[2322, 1435, 1278, 2318]
[2112, 1449, 1299, 295]
[1448, 2426, 2384]
[1426, 195, 2438, 295]
[1426, 2437, 2438, 2367]
[1267, 1453, 1550, 1551]
[1269, 1452, 1548, 1549]
[2104, 1491, 1397, 2414]
[272, 1500, 2440, 134]
[1306, 2268, 1702, 1511]
[1271, 2163, 2374, 2399]
[2408, 1057, 1460, 2247]
[2408, 1057, 2197, 1687]
[1056, 2010, 1458, 2292]
[313, 2125, 279, 2265, 27]
[1464, 1261, 262, 1463]
[1586, 1260, 1462, 2276]
[2226, 2412, 2302, 1462]
[1475, 2359, 2406, 303]
[2406, 1588, 2358, 303]
[2306, 314, 1468, 1039]
[1058, 1467, 2252, 2373]
[2465, 1471, 302, 143]
[1472, 2428, 302, 1471]
[2418, 1469, 1470, 1655]
[2256, 2260, 2261, 1470]
[2360, 428, 2261, 1063]
[15, 2260, 2261, 1063]
[936, 1465, 1476, 1477]
[2377, 2139, 1475, 2406]
[2377, 1475, 1726, 2310]
[2400, 1441, 2453]
[1480, 2460, 1510, 1103]
[1479, 2281, 1898, 2442, 1102]
[1482, 1187, 2164, 2373]
[1552, 1481, 1202, 2037]
[2112, 2438, 295]
[2353, 427, 2245, 199]
[180, 283, 2444, 1926]
[2466, 259, 1338, 2303]
[1969, 2466, 1338, 2028]
[2323, 2340, 1445, 334]
[2369, 2433, 1412, 2328, 190]
[1440, 2242, 100, 286]
[1537, 396, 1494, 1454]
[313, 26, 275, 1319]
[296, 145, 2394, 2455]
[2376, 1491, 2221, 2414]
[2249, 187, 2468, 276]
[1497, 163, 2358, 303]
[1496, 2410, 36, 1052]
[339, 2419, 2262, 1499, 127]
[2393, 1498, 2407]
[314, 2306, 7, 1455]
[2018, 2468, 1066, 276, 1946]
[1266, 2443, 2348, 2399]
[1168, 255, 1688, 2319]
[297, 1427, 1429, 219, 2429]
[1434, 76, 1506, 287]
[1505, 1507, 1508, 1509, 1510]
[2425, 1506, 2333, 287]
[2304, 2425, 1506, 2311]
[2304, 1506, 2415]
[1434, 1506, 2415, 1479]
[1456, 2421, 2325]
[2345, 194, 325, 2367]
[322, 51, 268, 2309]
[268, 2309, 1070, 2391]
[2086, 2015, 1070, 2391]
[281, 45, 1589, 1526]
[323, 228, 269, 1518]
[1520, 2420, 1517, 1519]
[269, 2357, 1518, 2463]
[1518, 323, 1989, 2462]
[1410, 2307, 2397, 2222]
[2450, 340, 2446, 95]
[264, 1608, 1525, 79]
[264, 1780, 1525, 2335]
[1609, 1003, 1523, 1524, 2165]
[172, 260, 1516, 2396]
[216, 320, 1528, 266]
[1529, 1530, 2282, 1527]
[1528, 320, 2381, 1775]
[1528, 1217, 266, 1531]
[1640, 1618, 1530, 2423]
[1037, 1309, 1062, 2287]
[1534, 309, 1062, 2287]
[1533, 2259, 2467, 1543]
[1443, 2376, 2414, 306, 122]
[2330, 2323, 334, 22]
[2104, 346, 1491, 348]
[2184, 345, 2388, 342]
[2280, 158, 1420, 310]
[2352, 272, 1244, 2440]
[272, 2352, 2424]
[293, 2329, 2361, 2202, 59]
[1062, 1706, 1075, 1436, 1534]
[2394, 2238, 1446, 2455]
[2225, 124, 294, 2279]
[2349, 2405, 1285, 2262]
[1439, 395, 2334, 343]
[304, 242, 1453, 1550]
[304, 2199, 1453, 2263]
[115, 315, 1452, 1548]
[2401, 315, 1452, 2351]
[289, 131, 1482, 1553, 2164]
[1552, 2332, 2037, 2400]
[331, 44, 1555, 1556, 281]
[1554, 2380, 2447]
[2337, 1554, 2227, 2447]
[1600, 1561, 235, 285]
[1561, 2295, 285, 1559]
[1560, 2395, 1638, 1558]
[2211, 1559, 2295, 2264, 2297]
[1601, 2458, 1557, 1558]
[352, 347, 1612, 1101]
[2344, 257, 210, 324]
[2344, 257, 1565, 2231]
[1777, 2459, 1564, 1751]
[727, 2053, 1567]
[1610, 1083, 1082, 1566]
[1992, 1082, 1972, 1610]
[1571, 1570, 283, 179]
[1569, 2298, 2379, 2086]
[1569, 2086, 268, 52, 2391]
[2441, 269, 2294, 2463]
[813, 1069, 1574, 1575]
[1577, 1573, 2181, 2278]
[1576, 811, 1573, 2181]
[961, 2395, 1575, 2439]
[2403, 2339, 1069, 1574]
[1018, 2403, 1020, 1069]
[1216, 1580, 2131, 1012, 1083]
[2136, 1707, 1579, 2133]
[1353, 1315, 1318, 1623]
[1584, 356, 351, 1583]
[2208, 2214, 2237, 1582]
[2233, 385, 2237, 1582]
[354, 2146, 386, 357, 399]
[193, 325, 262, 1463]
[1320, 825, 1325, 1711]
[1466, 948, 1052, 1068]
[2227, 2396, 1701, 1516]
[1360, 1362, 1995, 1967]
[2042, 2108, 2026, 1318]
[1649, 595, 1326, 1593]
[1592, 1620, 1941, 1118]
[1225, 2323, 2340, 2257]
[1196, 1204, 2332, 1198]
[1597, 1148, 1637, 1084]
[1633, 2155, 2168, 1596, 1247]
[1353, 2108, 1318, 375]
[1752, 1667, 1668, 1086]
[2458, 108, 1557, 271]
[1416, 1561, 1709, 2295]
[1358, 1845, 1846, 1606]
[1666, 1324, 1630, 1604]
[2065, 1930, 1603, 1835]
[1176, 2170, 2091, 2232]
[504, 1602, 1357, 1861]
[2225, 2405, 294, 1205]
[1609, 1523, 206, 291]
[1608, 2325, 1525, 2286]
[1568, 967, 542, 1567]
[25, 275, 2277, 2321]
[2184, 1562, 2362, 399]
[1328, 1930, 1092, 1767]
[1616, 2343, 1431]
[1960, 2336, 2343, 1431]
[1614, 949, 1432, 2430, 735]
[2336, 2409, 1430, 1431]
[1639, 2409, 2254, 1430, 1531]
[660, 1922, 1932, 1717]
[2083, 1593, 595, 1621]
[1620, 581, 1622, 1935]
[2083, 1621, 2093, 2135]
[1096, 1581, 1670, 413]
[1625, 1226, 1291, 1221]
[2232, 2170, 1624, 2140]
[1768, 1329, 1328, 1767]
[1861, 1100, 1683, 1332, 1144]
[361, 359, 2005, 2119]
[2384, 2273, 1060, 1400]
[648, 593, 1603, 1631]
[1900, 1934, 1324, 1630]
[2240, 401, 1293, 392]
[1597, 1148, 1013, 2094]
[388, 365, 364, 2173]
[1249, 2306, 397, 1039]
[2435, 2322, 1074, 30, 1439]
[778, 763, 1596, 767]
[2096, 236, 285, 1559]
[1640, 274, 91, 1618]
[217, 266, 1531, 1639]
[1024, 1246, 1678]
[1106, 1643, 1107, 469]
[1827, 698, 1899, 1642]
[2072, 1127, 1181, 1327]
[1417, 1646, 1710, 1647]
[1648, 2365, 292, 1645]
[2088, 1648, 1645, 422]
[2267, 2404, 1646, 1647]
[1592, 2078, 583]
[1938, 2018, 541, 1066]
[1712, 538, 530, 1983]
[728, 2016, 1368, 1028]
[1158, 2091, 2076, 390]
[1097, 417, 405, 1655]
[2240, 2428, 1654, 1471]
[1162, 2315, 1156, 1157]
[1296, 1027, 1658, 795]
[1657, 946, 1659, 1661]
[1296, 1658, 1660, 423]
[2289, 1659, 1661]
[2242, 2193, 1658, 1660, 286]
[1298, 2314, 2378, 1279]
[2378, 2293, 2229, 311, 1279]
[1307, 1665, 2403, 1020]
[1664, 239, 307, 2248]
[593, 1603, 598, 2065]
[1671, 1135, 1365, 921, 1599]
[969, 921, 1669, 1599]
[1752, 1921, 2012, 1668]
[2352, 1315, 1244, 1623]
[1793, 771, 1667]
[1793, 2082, 771, 2079]
[1865, 1371, 1998, 1942]
[2410, 1419, 1052, 1021]
[1720, 2345, 1077, 1079]
[1737, 1682, 374, 377]
[1024, 1313, 1026, 1678, 1078]
[1641, 2210, 1677, 2206]
[1115, 1757, 606, 1351]
[2193, 2209, 742, 679]
[1345, 2217, 1907, 1763]
[1331, 379, 1676, 382]
[1873, 1627, 717, 1942]
[1686, 2427, 2285, 1334]
[2427, 260, 173, 1334]
[1980, 1333, 1684, 1300]
[1803, 2196, 1459]
[1689, 1403, 1166, 1503]
[1688, 255, 2452, 2380]
[626, 2087, 1374, 2095]
[1969, 2028, 821, 822]
[1128, 995, 1916, 1936]
[888, 2041, 882, 2044]
[1768, 1329, 2046, 2055]
[1696, 1697, 1136, 1719]
[1444, 2149, 2222, 2457, 1695]
[937, 1410, 2222, 1695]
[1978, 826, 2014, 887]
[1149, 2004, 924, 1997]
[1850, 1125, 862, 1903]
[1741, 1391, 1589, 1343]
[256, 1281, 1776, 1456, 2356]
[1808, 850, 1350, 1119]
[1728, 690, 554, 551]
[1129, 1874, 1867, 628]
[329, 2467, 2229, 1543]
[1012, 933, 1580, 1372]
[673, 602, 1973]
[1601, 804, 748, 752, 1150]
[406, 412, 1645, 422]
[1712, 1587, 819, 823]
[1325, 1711, 815, 817, 1651]
[555, 1948, 654]
[937, 1410, 740, 965]
[570, 923, 1716, 572]
[1945, 1715, 1717, 1790]
[1619, 1716, 923, 1718]
[1945, 1739, 1932, 1717]
[736, 937, 789, 1695]
[1099, 1675, 1260, 2276]
[434, 1722, 1723, 1799]
[1721, 523, 1724, 1726]
[1721, 1724, 2069, 1725]
[1722, 1723, 2117, 1727]
[2081, 1723, 2117, 2126]
[1477, 2220, 2134, 1722, 1727]
[2215, 1724, 1726, 2151]
[1704, 553, 1730, 1917]
[553, 1730, 1731, 1911]
[1728, 1729, 1962, 1134]
[1954, 1953, 1962, 1729]
[553, 547, 549, 1911]
[1160, 1137, 2371, 1734]
[2177, 2251, 2004, 1733]
[1137, 2371, 2316, 2375]
[697, 722, 1795, 1862]
[1353, 1331, 1676, 375]
[745, 993, 2093]
[993, 2093, 1718, 2135]
[1760, 666, 668, 726]
[903, 1341, 997, 1701]
[744, 2409, 2336, 687]
[444, 1805, 518, 895]
[1128, 1916, 870, 836]
[898, 1115, 900, 1757]
[450, 1747, 546, 446]
[1746, 1748, 1327, 1127]
[450, 451, 2036, 1747]
[1777, 284, 85, 1751]
[1050, 2308, 284, 1751]
[1565, 2364, 1749, 1750]
[703, 1787, 1669, 1599]
[1080, 1081, 1388, 2470]
[1248, 1042, 958, 2434]
[2434, 2153, 2154, 1042, 1756]
[1043, 1292, 1755]
[1679, 1745, 1973, 1142, 1758]
[1964, 1757, 606, 567]
[1760, 666, 646]
[1952, 1764, 1740, 1904, 1759]
[1339, 1876, 854, 852]
[856, 1907, 883, 1763]
[1681, 1762, 1164, 1167]
[1760, 1985, 773, 726]
[2072, 556, 550]
[938, 2423, 782, 807]
[1626, 1613, 607, 663]
[612, 697, 1626, 1694, 607]
[483, 1770, 465, 467, 694]
[1769, 1771, 1772, 1886]
[1785, 1770, 483, 1111]
[1110, 1770, 1773, 694]
[1882, 1772, 1813, 1798]
[1248, 953, 2381, 1775]
[1529, 2228, 1774, 1991]
[809, 1314, 810, 1702]
[1749, 257, 211, 1565]
[1779, 204, 277, 2383]
[264, 1778, 1780, 78]
[1779, 1524, 1781, 2383]
[2281, 1931, 1780, 2335]
[696, 497, 477, 1783]
[1784, 1921, 2012, 1782]
[696, 1113, 1785, 1783]
[1784, 1826, 1771, 1887]
[2048, 568, 571, 1788]
[1752, 1921, 699, 479]
[1786, 2051, 566, 655]
[776, 681, 2224, 2230, 695]
[586, 572, 1716, 574]
[1792, 1138, 710, 911]
[2087, 1866, 2095, 630, 1791]
[1089, 1671, 1672, 1135, 1146]
[504, 1144, 1861, 495]
[1736, 618, 700, 614]
[457, 459, 1828, 1797]
[1105, 1796, 476, 1893]
[1104, 1893, 476, 1773]
[520, 436, 2069, 438, 1721]
[2120, 1377, 1147, 927]
[2120, 2121, 2122, 1147]
[1838, 849, 844, 1830]
[1057, 1250, 944, 1687, 1016]
[896, 673, 1973, 1142]
[440, 442, 1806, 1743]
[1953, 520, 1805, 2069, 895]
[848, 1339, 852, 847]
[1120, 1123, 1870, 1703]
[2056, 1371, 1180, 1004]
[1870, 1123, 1125, 862]
[466, 468, 2102, 502]
[1853, 1140, 973, 1894]
[461, 476, 1773, 694]
[977, 1818, 975, 1815]
[992, 1816, 1918, 1814]
[1817, 1819, 1820, 1815]
[1816, 1993, 1918, 1975]
[1957, 1894, 1140, 1814, 1918]
[1816, 992, 1002, 979]
[1816, 1993, 1002, 1996]
[1002, 1996, 1822, 1823]
[1821, 1005, 983]
[2017, 2009, 1821, 1005]
[1825, 1172, 2017, 1005]
[1824, 987, 989, 1006]
[696, 1785, 483, 472]
[453, 1643, 469, 455]
[1105, 698, 1899, 1796]
[498, 2067, 707, 471]
[872, 1802, 877, 1350]
[488, 1891, 485, 702]
[2216, 667, 695]
[449, 2162, 452, 2166]
[832, 874, 1949, 1958]
[1881, 1324, 1045, 1604]
[2116, 462, 502, 2127]
[1129, 714, 1867, 785]
[846, 850, 1802, 1350]
[1001, 1004, 1121, 1180]
[1369, 827, 1963, 1321]
[1915, 843, 1349, 839]
[968, 1100, 1861, 1357]
[640, 647, 1940, 1879]
[1865, 994, 886, 890]
[504, 501, 706, 1602]
[1360, 706, 1602, 1967]
[1897, 1924, 838, 871]
[1948, 2013, 654, 1143]
[833, 1978, 830, 1943]
[1130, 875, 1700, 1981]
[2032, 498, 475, 716]
[1232, 2003, 1230, 879]
[971, 1812, 918, 1951]
[592, 2043, 573, 575]
[480, 716, 1141, 486]
[1857, 493, 494, 701]
[1856, 2115, 1956, 2110]
[592, 705, 579, 2021]
[507, 500, 701, 2118]
[513, 1995, 1364, 517]
[1794, 1627, 1842, 1606]
[1736, 2046, 894, 935]
[584, 2009, 582, 591]
[1122, 1124, 2084, 2102, 1182]
[1673, 1139, 1332, 1844]
[1792, 710, 631]
[712, 1705, 629, 1837]
[1184, 913, 2107, 915]
[515, 521, 2123, 2047]
[1808, 1810, 851, 850]
[635, 1966, 709, 638]
[1999, 1966, 638, 1959]
[1144, 489, 1683, 487]
[1705, 624, 625, 1363, 1875]
[1889, 1874, 1965]
[1344, 1761, 1340, 869]
[2312, 786, 1283, 1030]
[2082, 626, 1374, 623]
[1843, 636, 637, 1925]
[1108, 1173, 990, 1007]
[1092, 1930, 1835, 1047, 1049]
[1104, 982, 1773, 1110]
[1928, 916, 605, 1366]
[931, 772, 725, 1939]
[683, 1939, 725, 669]
[1770, 976, 978, 1110, 1111]
[1113, 972, 1785, 1111]
[1131, 2116, 1182]
[624, 1961, 1875, 620]
[720, 2129, 2138, 458]
[704, 1905, 1088, 1831]
[616, 1929, 613, 711]
[984, 986, 1797, 1798]
[609, 1818, 1812, 1951]
[439, 2187, 437, 519]
[1324, 1934, 959]
[873, 1355, 1847]
[1480, 734, 926, 759]
[1106, 1643, 988, 1828]
[648, 1117, 1326, 1631]
[456, 2147, 718, 454]
[808, 954, 1941, 1118]
[875, 1700, 853, 855]
[1760, 644, 646, 647]
[488, 490, 1891, 1354]
[875, 859, 1981, 863]
[1344, 1681, 1762, 869]
[1072, 897, 2420, 1030]
[522, 1364, 517, 526]
[435, 2196, 1031]
[1953, 1732, 1729, 895]
[2177, 1989, 2462, 901]
[1914, 963, 1300, 2471]
[2283, 175, 2416, 1335, 1913]
[1841, 905, 845]
[1744, 1692, 1349, 839]
[1728, 690, 692, 1134]
[1817, 1818, 596, 1815]
[2051, 1171, 1173, 1007]
[105, 267, 2316, 2375]
[497, 1787, 1669, 1783]
[923, 650, 658, 1619, 603]
[2105, 490, 491, 1381]
[874, 1355, 837, 1847]
[910, 912, 1940, 1879, 1145]
[1485, 1398, 301, 54]
[1962, 747, 741, 1134]
[601, 1883, 609, 1951]
[921, 1892, 917, 1365]
[1881, 1604, 1613, 663]
[715, 1781, 926, 1151]
[993, 1619, 684, 1718]
[874, 1355, 1949, 1359]
[1896, 1117, 1631, 957]
[578, 1621, 586, 2135]
[1980, 1333, 1692, 996]
[1944, 929, 1346, 1348]
[1650, 543, 941, 1303]
[1216, 2131, 1884, 1885, 1214]
[1952, 1843, 1348, 1925]
[1593, 2083, 1902, 783]
[1673, 1683, 1332, 1141]
[1849, 964, 884, 1337]
[1937, 930, 1347, 2110]
[586, 1716, 1718, 2135]
[2253, 1501, 1422, 1303]
[1185, 2186, 1251, 1189]
[737, 689, 1713, 691, 1848]
[1361, 1834, 1933]
[1370, 1228, 1132, 1133]
[1928, 1894, 1853, 1366]
[1760, 1985, 1940, 647]
[2081, 1731, 1806, 1911]
[2081, 1731, 2126, 2019]
[1970, 563, 606, 1351]
[1184, 1857, 2107, 494]
[609, 1818, 596, 597]
[1361, 1369, 1834, 831]
[1872, 642, 2094, 639]
[2024, 803, 685, 1615]
[1889, 721, 1965, 998]
[1730, 1731, 2019, 1927, 750]
[1840, 1362, 1995, 1364]
[569, 602, 1973, 1758]
[1976, 1961, 1363, 1875]
[1872, 713, 719, 1871]
[1590, 514, 508, 1846]
[1370, 1228, 1230, 879]
[2346, 1691, 1071, 1487]
[561, 1955, 2013, 654]
[1369, 827, 831]
[1568, 537, 2050, 542]
[1757, 1964, 1708, 1804]
[1976, 2286, 1363, 806]
[1817, 1987, 596, 590]
[1352, 1965, 1974, 998]
[65, 299, 2412, 2302]
[1337, 1698, 829, 1849]
[865, 2034, 860, 861]
[1936, 940, 1686, 1128]
[1850, 1132, 1370, 1906]
[1169, 2061, 878, 881]
[1651, 1325, 527]
[2000, 1112, 770, 779]
[1952, 929, 1764, 1348]
[114, 315, 327, 2351]
[585, 588, 1993, 1975]
[1989, 261, 323, 229]
[1520, 1988, 1990, 1912]
[2177, 261, 2251, 1989]
[2128, 1775, 320, 215]
[1568, 528, 2050, 524]
[1817, 1987, 1820, 591]
[1997, 1149, 2013, 1143]
[514, 1963, 1860, 1590]
[2009, 1820, 1821, 591]
[1160, 1994, 1699, 790]
[2032, 1673, 716, 1141]
[1872, 1013, 2094, 719]
[1984, 801, 2437, 2438]
[1058, 1187, 2373]
[361, 410, 363, 2005]
[864, 866, 2027, 1852]
[1160, 1699, 925, 1734]
[1161, 1154, 1628, 2002]
[1207, 1212, 2070, 2007]
[1195, 2214, 2237, 2006]
[1353, 1331, 404, 411]
[705, 1996, 1823, 1863]
[290, 1460, 2269, 1055]
[1276, 2318, 1278, 2372]
[1113, 969, 1669, 1783]
[1848, 1994, 1970, 1351]
[1337, 1698, 1338, 2028]
[816, 2106, 1515, 818]
[2379, 539, 1652, 820]
[1824, 705, 2021, 1823]
[1650, 1501, 1303]
[1962, 1954, 774, 751]
[2280, 1297, 1274, 1421]
[2033, 1858, 1172, 2017]
[1195, 2214, 1191]
[560, 2052, 693, 2063]
[672, 674, 2343, 1960, 661]
[793, 2114, 732, 729]
[387, 1085, 389, 1591]
[1232, 882, 2003, 2044]
[1487, 1691, 2014, 887]
[512, 2121, 2122, 510]
[2072, 548, 550, 1127]
[2040, 1153, 370, 373]
[2056, 1371, 1851, 1998]
[592, 1170, 2043, 2021]
[1376, 1163, 2061, 878, 1979]
[762, 1148, 1013, 758]
[1107, 1748, 469, 1327]
[1553, 1482, 1206, 2073]
[2216, 1313, 1258, 664]
[2280, 1245, 1421, 310]
[390, 1155, 1158, 2031]
[1017, 1241, 1693, 1239]
[371, 387, 366, 1591]
[2033, 1171, 908, 1854]
[1233, 2027, 1693, 1239]
[2176, 1017, 2185, 1241]
[697, 1116, 1694, 1862]
[2053, 727, 1869, 1215]
[1786, 2051, 908, 1171]
[2176, 441, 2171, 443]
[1992, 531, 1972, 534]
[2048, 2060, 1788, 1919]
[2072, 1181, 1375, 2023]
[1216, 1083, 1566, 2047]
[1094, 2055, 1329, 2231, 1373]
[1116, 1694, 2054]
[2032, 1809, 498, 2067]
[656, 1385, 657, 1014]
[2088, 409, 422, 415]
[536, 724, 533, 1383]
[2051, 1173, 1375, 655]
[2034, 2092, 1982]
[2168, 641, 2201, 644]
[655, 562, 1375, 2023]
[2362, 2146, 399]
[600, 1666, 1604, 663]
[1322, 766, 798]
[2056, 1180, 1829, 2084]
[135, 1418, 272, 2424, 2299]
[2081, 1723, 1806, 1799]
[1194, 1195, 1197, 1200, 2006]
[2308, 284, 86, 332]
[2052, 1765, 1644, 2030, 693]
[1193, 1202, 1188, 2037]
[792, 945, 1399, 791]
[761, 796, 2085, 765]
[384, 378, 376, 1653]
[1419, 2348, 1263]
[648, 584, 587, 1326, 1649]
[1672, 617, 619, 622]
[536, 1010, 1383]
[1953, 1954, 2069, 1725]
[1672, 1146, 622, 1878]
[922, 1620, 1941, 1622]
[1864, 2067, 1179, 707]
[2304, 760, 2075, 2415]
[2106, 1571, 1570, 1515]
[1792, 1690, 627]
[2058, 1282, 2404, 1647]
[1280, 1282, 2404, 2194, 319]
[1040, 393, 388, 2173]
[384, 1653, 1605, 1174]
[1376, 1169, 2144, 2061]
[1738, 1739, 1622, 922]
[1633, 2155, 1959, 1999]
[1792, 1138, 1379, 1690]
[1638, 2439, 110, 305, 2395]
[1009, 1138, 1379, 2100]
[2099, 2179, 939, 775]
[2137, 2274, 2098, 1254]
[2097, 1090, 1091, 1380]
[1354, 1381, 1380, 1090]
[1864, 2113, 1811, 707]
[490, 1381, 1354]
[1537, 394, 1454, 1038, 344]
[1184, 1114, 1923, 494]
[2379, 820, 2086, 2015]
[1347, 1956, 2110, 1868]
[371, 372, 1598, 1591]
[1219, 2140, 381, 391]
[1944, 1857, 1378, 2107]
[1266, 1268, 2399, 1271]
[1061, 1448, 1323, 1483, 2169]
[1182, 2116, 2102, 502]
[1382, 1383, 2025, 1010, 2174]
[1857, 1378, 701, 2118]
[1888, 2113, 1836, 1183]
[1724, 1725, 774, 2151]
[2120, 1377, 1859, 2115]
[1218, 2146, 386, 1161, 1628]
[1800, 1801, 507, 2118]
[1801, 506, 507, 2029]
[1801, 516, 2029, 1213]
[516, 1213, 1869, 1215]
[296, 2455, 1220, 2183]
[1162, 2315, 1461, 1310]
[1954, 1725, 774]
[720, 2129, 1836, 1183]
[88, 258, 2228, 1991]
[1890, 1227, 1229, 2127]
[657, 659, 662, 1385]
[1579, 1939, 683, 2133]
[2450, 2387, 340, 1252]
[777, 682, 2131, 1580]
[523, 1726, 2310]
[1945, 1739, 1622, 1935]
[777, 2178, 1372, 1580]
[2370, 2275, 421, 1425, 2099]
[509, 1890, 1229, 1231]
[1476, 788, 1068, 812]
[1625, 2109, 1221, 383]
[1032, 2338, 2180, 1413]
[329, 2229, 118, 311]
[1385, 675, 2172, 662]
[1386, 2092, 2469, 1295]
[2393, 1201, 1203]
[2064, 1585, 2119, 1311]
[2152, 1901, 1231, 1233, 509]
[2466, 259, 50, 322]
[1696, 330, 267, 106]
[432, 523, 430, 2310]
[753, 755, 2117, 1727]
[2147, 718, 1238]
[1755, 1292, 2308, 332]
[258, 1755, 332, 87]
[642, 1597, 2094]
[1401, 2234, 966, 1022]
[1401, 2234, 2317]
[2353, 2317, 2245, 1401]
[945, 1396, 1029, 2207]
[2207, 945, 2188, 1399]
[1159, 275, 2277, 1319]
[1240, 1833, 718, 1238]
[160, 1457, 308, 1245]
[1552, 1481, 5, 273]
[805, 1525, 2335]
[448, 1833, 1384, 1240]
[299, 2451, 2302, 1286]
[642, 1387, 1597, 2062]
[2112, 1322, 802, 798]
[384, 1625, 1605, 383]
[1384, 2049, 445, 448]
[680, 1234, 1255, 2143]
[1185, 1634, 2090, 2186]
[1242, 1011, 2114, 2182]
[261, 2251, 333, 230]
[1384, 2049, 2045, 519]
[1912, 1734, 925, 1990]
[2136, 2180, 942]
[1433, 2098, 2274, 949]
[2178, 1372, 2141, 1287]
[2439, 305, 1574, 1575]
[2200, 962, 1382, 2174]
[1065, 2124, 2461, 2422]
[1312, 1538, 1612, 1101, 1437]
[1243, 2187, 2045, 519]
[1393, 1947, 364, 2173]
[2185, 1250, 708, 1895]
[2160, 2246, 2189, 2342]
[416, 2385, 2188, 2207]
[256, 82, 2244, 2356]
[1393, 364, 358]
[1424, 1296, 2387, 326]
[1680, 1257, 946, 1661]
[2360, 2089, 2195, 428]
[1280, 2194, 139, 1392]
[1250, 708, 2197, 1910, 1687]
[1459, 2196, 2198, 1031]
[2408, 2389, 2456, 2197]
[1273, 1298, 1549, 1269]
[2432, 1242, 2182, 1394]
[1387, 653, 645, 2062]
[337, 1395, 2270, 1542]
[2208, 1393, 355, 358]
[2290, 1290, 2366, 2223]
[2349, 2405, 125, 294]
[1246, 1387, 653, 1678]
[2160, 2189, 2270, 2159]
[2203, 356, 1251, 1583]
[1680, 1257, 680, 1255]
[664, 1313, 653, 1678]
[1560, 961, 756, 780]
[2272, 1284, 2341, 2407]
[1296, 326, 423]
[1251, 1583, 2022, 2007]
[755, 2220, 788, 1727]
[1832, 665, 2219, 2038]
[1167, 1681, 2380, 2447]
[329, 2467, 2259, 119]
[2224, 1258, 2216, 695]
[2377, 1726, 2215]
[1406, 396, 1494, 1407]
[1696, 1697, 330, 1521]
[1178, 1291, 2204, 1402]
[1261, 1259, 2219, 1789]
[1208, 1545, 1414, 1607]
[1464, 1288, 1261]
[281, 1556, 1589, 1343]
[2128, 2434, 1248, 1775]
[1706, 1436, 2142, 1663]
[1288, 1789, 1261, 943]
[2459, 1388, 1564, 2054]
[1625, 1178, 1291, 1605]
[1584, 1211, 1212, 2235]
[2425, 2157, 2156, 2333]
[2233, 385, 1317, 1406]
[385, 396, 1406, 350]
[1584, 2007, 1212, 1583]
[1544, 2340, 1222, 1294]
[336, 169, 2319, 255]
[1632, 417, 2418, 1655]
[1041, 75, 2333, 287]
[1257, 1490, 1661, 2294]
[1307, 2351, 1262, 327]
[209, 1404, 2190, 324]
[1400, 2273, 1484, 2158]
[2188, 2326, 1399]
[40, 1458, 2292, 263]
[113, 1665, 1307, 327]
[1330, 60, 293, 1495]
[336, 290, 2269, 168]
[2371, 1734, 1990, 2175]
[273, 314, 1468, 6]
[1946, 188, 276, 2255]
[938, 1618, 2423]
[2338, 265, 2253, 1422, 62]
[1472, 418, 2428, 414]
[1289, 2417, 1304, 1594, 316]
[1304, 316, 2445, 150]
[2218, 309, 1534, 246]
[1472, 302, 1474, 142]
[1472, 1473, 418, 1474]
[2393, 1498, 1546, 318]
[1298, 2314, 1549]
[1560, 804, 756]
[1437, 1461, 1310, 1311]
[2314, 117, 2378, 311]
[1648, 2305, 10, 292]
[256, 81, 2421, 1456]
[2250, 2010, 2469, 1295]
[2385, 2386, 1396, 2202, 2207]
[2384, 2426, 338, 70]
[321, 1441, 2212, 1308]
[427, 2411, 1629, 2245]
[2179, 2275, 297, 2099, 2429]
[2137, 2274, 2402]
[1720, 2345, 325, 1463]
[1415, 2161, 1611, 1175]
[305, 2339, 1574, 111]
[1545, 250, 1414, 278]
[1539, 2372, 2020, 2039]
[1480, 1781, 926, 2383]
[1528, 1217, 2381, 950]
[48, 1914, 298, 2471]
[121, 306, 1438, 2327]
[298, 1684, 1300, 2471]
[1352, 1609, 1003, 1974]
[1532, 1533, 1438, 2327]
[260, 1301, 1334, 2396]
[99, 1660, 286, 423]
[288, 1304, 2204, 2445]
[312, 2410, 36]
[167, 290, 1460, 2247]
[2354, 1436, 1663]
[1256, 2242, 1572, 1440]
[1560, 1601, 804, 1558]
[2326, 301, 1398, 1399]
[1560, 961, 2395]
[1368, 1570, 283, 2444]
[9, 2068, 2365, 292]
[2418, 282, 2461]
[2376, 2313, 1443, 1405]
[1288, 1977, 1464, 2167]
[2416, 1336, 1486, 1335]
[2085, 796, 1509, 1508]
[137, 2267, 2404, 319]
[2440, 1635, 1500, 1467]
[1521, 330, 107, 271]
[2153, 2413, 1750, 2071]
[1513, 2346, 1514, 1071]
[936, 2134, 1477, 2150]
[796, 797, 966, 1508]
[2357, 1877, 2463]
[1316, 2301, 1414, 278]
[304, 243, 2263, 2266, 1662]
[1656, 313, 2125, 1319]
[1920, 1735, 333, 231]
[2157, 2158, 335, 1041, 2333]
[2011, 1420, 317, 1447]
[2239, 1386, 2469, 1503]
[1424, 2387, 96, 340]
[288, 1415, 1611, 151]
[1636, 317, 1390, 1447]
[1536, 2417, 1594, 1488]
[1432, 1433, 949]
[291, 1511, 1352, 1609, 1306]
[2296, 2436, 2246, 2342]
[247, 2284, 309, 2287]
[64, 1489, 2451, 299]
[2432, 1394, 1395, 1542]
[1536, 2417, 316, 149]
[198, 2411, 427, 2454]
[1553, 1442, 1595, 1206]
[2241, 2234, 1507, 2317]
[2464, 1547, 156, 341]
[2165, 1524, 1781, 1151]
[1617, 803, 1742, 1615]
[1345, 1556, 1342, 1343]
[2369, 2141, 1302, 2255]
[1577, 307, 238, 2278]
[1446, 1224, 1488, 1594, 2238]
[1, 339, 2212, 1308]
[416, 2188, 1237, 2326]
[2024, 1615, 1614, 735]
[1563, 1388, 1564, 2470]
[1512, 1675, 2276, 1389]
[1969, 2466, 2309, 322]
[306, 2414, 1397, 1438]
[1408, 2398, 1265, 2077, 1502]
[1546, 252, 2205, 318]
[1245, 310, 159]
[1264, 1986, 2243, 1551]
[1096, 1540, 1541, 1670]
[73, 1484, 2158, 335]
[1435, 2293, 1278, 1279]
[1280, 138, 319]
[1314, 1404, 2190, 1702]
[2312, 2420, 1030, 1519]
[1496, 1466, 1052]
[936, 280, 1465, 37]
[1392, 1473, 2194]
[337, 185, 1542]
[2064, 1612, 1437, 1311]
[21, 334, 1445]
[1050, 1051, 2459, 1751]
[1417, 1418, 2299, 1646]
[288, 1402, 2204, 1415]
[1512, 1451, 1389, 270, 2449]
[1424, 97, 326]
[1489, 2338, 1413, 265]
[2137, 2450, 2446]
[2251, 333, 1733, 1735]
[2280, 1297, 2011, 1420]
[1481, 1468, 2001, 273]
[1457, 1245, 1421]
[1920, 2457, 1444, 1735]
[1407, 2301, 1494, 1535]
[1477, 1476, 2220, 788]
[2266, 1662, 1663]
[2016, 1570, 1368, 2106]
[2217, 331, 1555, 1689, 1403]
[952, 1529, 2282, 1774]
[321, 3, 2453, 1441]
[2281, 1778, 1780, 2442]
[1449, 2411, 1299, 1629, 2271]
[1073, 2189, 2270, 183]
[184, 337, 2270, 1073]
[2192, 2320, 2132, 1253]
[1312, 1538, 155, 300]
[1423, 39, 2198, 263]
[98, 326, 423]
[1514, 1571, 1515]
[321, 2, 1308]
[2145, 1285, 2262, 1305, 1499]
[1544, 328, 19, 1493]
[1576, 2297, 2096, 1559]
[2288, 1589, 1526, 1391]
[1521, 2458, 1409, 271]
[312, 2410, 1419, 2348]
[1457, 308, 1502, 2111]
[1553, 1442, 1478, 289]
[1264, 1265, 1267, 1551]
[297, 2275, 220, 421]
[1664, 1577, 1578, 307]
[1648, 2089, 2088, 2305]
[1546, 1236, 2205, 1607]
[1465, 1466, 1476, 1068]
[1305, 339, 2212, 1499]
[1458, 1459, 2198, 263]
[1617, 938, 1618, 1742]
[1497, 1674, 2291, 2398]
[2384, 2273, 338, 2331]
[192, 1977, 262, 1464]
[1048, 1050, 1292, 2308]
[2347, 1454, 1494, 1535]
[2085, 1509, 1510, 1103]
[49, 1914, 259, 2303]
[2257, 2330, 2323]
[2240, 2465, 1293, 2300, 1471]
[1498, 253, 318]
[1518, 1908, 2357, 2462]
[1511, 291, 2268, 207]
[296, 1411, 144, 2183]
[1766, 1217, 1531, 2254]
[1096, 2068, 1541, 1095]
[2234, 1507, 1508, 966]
[1449, 2271, 196, 295]
[298, 1684, 1685, 47]
[2256, 1097, 1470, 1655]
[1504, 1433, 2274]
[1616, 730, 678]
[56, 1237, 416]
[2200, 2329, 1330, 293]
[265, 1489, 63]
[1754, 258, 2228, 1755]
[1636, 317, 157]
[1237, 301, 2326, 55]
[1112, 2449, 1451, 2000]
[1450, 1323, 1451, 1483, 2000]
[2096, 1576, 2181]
[1249, 2306, 1540, 1455]
[1256, 1283, 1572, 1235]
[1480, 2460, 277, 2383]
[1408, 161, 308, 1502]
[2298, 1485, 1398, 1367]
[24, 2258, 2290]
[2370, 1522, 221, 421]
[1555, 1345, 2217, 1556]
[1041, 74, 335]
[1076, 2437, 2367]
[1425, 1522, 2132, 2370]
[2328, 1412, 2167]
[1689, 331, 43]
[2382, 289, 130, 1478]
[338, 2331, 71]
[1544, 2124, 1493, 1294]
[431, 1031, 2198, 1423]
[1696, 267, 2375]
[1600, 1561, 2397, 1416]
[2364, 1565, 1094, 2231]
[2442, 1434, 1479]
[1411, 2183, 1064, 1293, 2300]
[1072, 1520, 2420, 1912]
[2312, 1283, 1572, 1519]
[1439, 2334, 30]
[2418, 282, 1469]
[2346, 2148, 1486, 1487]
[1706, 2218, 1534]
[1330, 1067, 1501, 1495]
[336, 2144, 2269, 2319]
[2344, 1753, 1404, 324]
[1913, 2283, 2285]
